   1      1.0362e+03       4.2849e-02       -1.2851e-02        0.999           0.0
   2      1.3787e+03       4.0812e-02       -1.1561e-02        0.999           2.3
   3      1.8344e+03       3.9140e-02       -1.0375e-02        0.999           3.5
   4      2.4408e+03       3.7130e-02       -9.1865e-03        0.998           4.7
   5      3.2477e+03       3.5358e-02       -8.3553e-03        0.999           5.7
   6      4.3213e+03       3.3456e-02       -7.2132e-03        0.995           6.8
   7      5.7497e+03       3.1744e-02       -5.4243e-03        0.998           8.0
   8      7.6503e+03       3.0729e-02       -2.3643e-03        0.983           9.2
   9      1.0179e+04       3.1444e-02       -5.6681e-04        0.989          10.4
  10      1.3544e+04       3.2247e-02        3.4086e-04        0.995          11.5
  11      1.8021e+04       3.2793e-02        5.7969e-04        0.969          12.5
  12      2.3979e+04       3.2415e-02        1.9994e-03        0.990          13.5
  13      3.1905e+04       3.3782e-02        6.3834e-04        0.972          14.8
  14      4.2452e+04       3.0915e-02        3.0264e-03        0.991          16.1
  15      5.6484e+04       3.4461e-02        1.3081e-03        0.952          17.3
  16      7.5156e+04       3.2315e-02        5.0785e-03        0.983          18.5
  17      1.0000e+05       3.1294e-02        7.1722e-03        0.961          19.8
  18      7.5156e+04       3.5404e-02        3.6350e-03        0.979          21.0
  19      5.6484e+04       3.3731e-02        1.9540e-03        0.977          22.1
  20      4.2452e+04       3.1593e-02        5.9169e-03        0.982          23.3
  21      3.1905e+04       3.4680e-02        2.8579e-03        0.976          24.5
  22      2.3979e+04       3.3190e-02        2.0725e-03        0.989          25.7
  23      1.8021e+04       3.2991e-02        4.8860e-04        0.981          26.8
  24      1.3544e+04       3.2297e-02        3.8475e-04        0.994          27.8
  25      1.0179e+04       3.0940e-02       -2.2231e-04        0.996          28.8
  26      7.6503e+03       3.0904e-02       -2.5417e-03        0.977          29.9
  27      5.7497e+03       3.1873e-02       -5.0665e-03        0.999          31.0
  28      4.3213e+03       3.3563e-02       -7.5251e-03        0.997          32.0
  29      3.2477e+03       3.5411e-02       -8.3757e-03        0.999          33.0
  30      2.4408e+03       3.7262e-02       -9.2705e-03        0.999          34.0
  31      1.8344e+03       3.9318e-02       -1.0384e-02        0.999          35.0
  32      1.3787e+03       4.0971e-02       -1.1620e-02        1.000          36.0
  33      1.0362e+03       4.2735e-02       -1.2919e-02        0.999          37.1
  34      7.7875e+02       4.4829e-02       -1.4349e-02        0.998          38.1
  35      5.8528e+02       4.6884e-02       -1.6456e-02        1.000          39.1
  36      4.3987e+02       4.9498e-02       -1.8721e-02        1.000          40.9
  37      3.3059e+02       5.2498e-02       -2.1244e-02        1.000          43.6
  38      2.4846e+02       5.5405e-02       -2.4352e-02        0.999          46.0
  39      1.8673e+02       6.0031e-02       -2.7881e-02        1.000          47.5
  40      1.4034e+02       6.4835e-02       -3.1806e-02        0.999          49.8
  41      1.0548e+02       7.0990e-02       -3.6152e-02        0.999          52.6
  42      7.9271e+01       7.7766e-02       -4.0662e-02        0.999          55.0
  43      5.9520e+01       8.5736e-02       -4.4409e-02        0.999          57.6
  44      4.4261e+01       9.5627e-02       -4.8066e-02        0.999          59.7
  45      3.2576e+01       1.0499e-01       -5.0153e-02        0.999          61.7
  46      2.3713e+01       1.1355e-01       -5.2984e-02        1.000          63.8
  47      1.7058e+01       1.2205e-01       -5.7028e-02        0.999          66.3
  48      1.2117e+01       1.2921e-01       -6.5675e-02        1.000          69.0
  49      8.4915e+00       1.3811e-01       -7.9644e-02        1.000          72.2
  50      5.8653e+00       1.5077e-01       -1.0034e-01        0.999          76.1
  51      3.9894e+00       1.7358e-01       -1.3021e-01        0.999          80.8
  52      2.6693e+00       2.1112e-01       -1.6967e-01        0.999          87.1
  53      1.7553e+00       2.8029e-01       -2.1409e-01        1.000          97.1
  54      1.1334e+00       4.0456e-01       -2.3153e-01        0.999         109.4
  55      7.1810e-01       5.4783e-01       -1.3304e-01        0.997         130.3
  56      4.4623e-01       5.4296e-01        3.8158e-02        0.995         155.4
