Datum	Uhrzeit	Kommentar	p_Probe_Ist / bar	I_Ist / mA	U_ges-Th_U	U_Nadel-Th_U	U_ges / mV	U_Nadel / mV	R_ges / mOhm*cm²	R_bulk / mOhm*cm²	Anpressfläche / cm²	p_Kraftsensor / ?	
25.06.2021	10:09:36	20 Zyklen	1,982496	499,300000	168,514389	217,499961	170,122281	217,499961	1413,994524	1807,780569	4,150000	0,419408	-5305,944845
25.06.2021	10:09:40	20 Zyklen	2,010425	998,000000	215,892069	217,499961	217,499961	217,499961	904,433706	904,433706	4,150000	0,425053	-5291,361570
25.06.2021	10:09:43	20 Zyklen	2,024001	1498,000000	215,892069	217,499961	217,499961	217,499961	602,553296	602,553296	4,150000	0,427890	-5291,987461
25.06.2021	10:09:47	20 Zyklen	2,034840	1997,000000	215,892069	217,499961	217,499961	217,499961	451,990405	451,990405	4,150000	0,430158	-5288,169522
25.06.2021	10:09:50	20 Zyklen	3,060191	499,300000	113,338665	217,499961	114,946557	217,499961	955,393975	1807,780569	4,150000	0,647001	-5047,576762
25.06.2021	10:09:54	20 Zyklen	3,067204	998,000000	205,646514	217,499961	207,254406	217,499961	861,829443	904,433706	4,150000	0,648411	-5044,071768
25.06.2021	10:09:58	20 Zyklen	3,064918	1498,000000	215,892069	217,499961	217,499961	217,499961	602,553296	602,553296	4,150000	0,648027	-5049,204080
25.06.2021	10:10:01	20 Zyklen	3,067671	1997,000000	215,892069	217,499961	217,499961	217,499961	451,990405	451,990405	4,150000	0,648586	-5045,511319
25.06.2021	10:10:04	20 Zyklen	5,056405	499,300000	82,661736	217,499961	84,269628	217,499961	700,418501	1807,780569	4,150000	1,069023	-4617,463982
25.06.2021	10:10:09	20 Zyklen	5,051833	998,000000	159,301991	217,499961	160,909883	217,499961	669,114241	904,433706	4,150000	1,067971	-4621,469689
25.06.2021	10:10:12	20 Zyklen	5,059484	1498,000000	215,892069	217,499961	217,499961	217,499961	602,553296	602,553296	4,150000	1,069703	-4616,274787
25.06.2021	10:10:15	20 Zyklen	5,055378	1997,000000	215,892069	217,499961	217,499961	217,499961	451,990405	451,990405	4,150000	1,068862	-4623,973256
25.06.2021	10:10:18	20 Zyklen	6,053207	499,300000	73,782007	217,499961	75,389899	217,499961	626,613420	1807,780569	4,150000	1,279692	-4400,404729
25.06.2021	10:10:23	20 Zyklen	6,060096	998,000000	143,842600	217,499961	145,450491	217,499961	604,829198	904,433706	4,150000	1,281227	-4397,775983
25.06.2021	10:10:26	20 Zyklen	6,055182	1498,000000	215,892069	217,499961	217,499961	217,499961	602,553296	602,553296	4,150000	1,280126	-4400,279550
25.06.2021	10:10:29	20 Zyklen	6,056737	1997,000000	215,892069	217,499961	217,499961	217,499961	451,990405	451,990405	4,150000	1,280402	-4400,154372
25.06.2021	10:10:33	20 Zyklen	10,047362	499,300000	52,893096	217,499961	54,500988	217,499961	452,992390	1807,780569	4,150000	2,124088	-3562,210458
25.06.2021	10:10:37	20 Zyklen	10,037985	998,000000	104,744580	217,499961	106,352471	217,499961	442,247251	904,433706	4,150000	2,122276	-3559,456534
25.06.2021	10:10:40	20 Zyklen	10,052292	1498,000000	157,919769	217,499961	159,527661	217,499961	441,949128	602,553296	4,150000	2,125235	-3559,644301
25.06.2021	10:10:44	20 Zyklen	10,045667	1997,000000	210,595252	217,499961	212,203144	217,499961	440,982998	451,990405	4,150000	2,123759	-3559,080999
25.06.2021	10:10:47	20 Zyklen	12,040188	499,300000	47,410672	217,499961	49,018564	217,499961	407,424479	1807,780569	4,150000	2,545291	-3135,227047
25.06.2021	10:10:51	20 Zyklen	12,037435	998,000000	94,268650	217,499961	95,876542	217,499961	398,685018	904,433706	4,150000	2,544940	-3132,347944
25.06.2021	10:10:55	20 Zyklen	12,038524	1498,000000	142,109412	217,499961	143,717304	217,499961	398,148739	602,553296	4,150000	2,545117	-3135,414814
25.06.2021	10:10:58	20 Zyklen	12,046735	1997,000000	189,548805	217,499961	191,156697	217,499961	397,246015	451,990405	4,150000	2,546837	-3137,542847
25.06.2021	10:11:01	20 Zyklen	15,009447	499,300000	40,741755	217,499961	42,349647	217,499961	351,994864	1807,780569	4,150000	3,173752	-2497,505805
25.06.2021	10:11:06	20 Zyklen	15,044718	997,000000	81,828156	217,499961	83,436048	217,499961	347,301505	905,340861	4,150000	3,180650	-2489,118853
25.06.2021	10:11:09	20 Zyklen	15,038186	1498,000000	123,498281	217,499961	125,106173	217,499961	346,589196	602,553296	4,150000	3,179177	-2493,875632
25.06.2021	10:11:12	20 Zyklen	15,043131	1997,000000	164,788199	217,499961	166,396091	217,499961	345,790575	451,990405	4,150000	3,180328	-2490,683583
25.06.2021	10:11:15	20 Zyklen	20,031951	499,300000	33,048623	217,499961	34,656515	217,499961	288,052351	1807,780569	4,150000	4,234566	-1433,614642
25.06.2021	10:11:20	20 Zyklen	20,030987	998,000000	67,151490	217,499961	68,759382	217,499961	285,923282	904,433706	4,150000	4,234780	-1425,728402
25.06.2021	10:11:23	20 Zyklen	20,036741	1497,000000	101,470897	217,499961	103,078789	217,499961	285,756162	602,955804	4,150000	4,235865	-1423,224834
25.06.2021	10:11:26	20 Zyklen	20,029369	1997,000000	135,555937	217,499961	137,163829	217,499961	285,042509	451,990405	4,150000	4,234267	-1433,051339
25.06.2021	10:11:45	20 Zyklen	2,071836	499,300000	147,056762	217,499961	148,664654	217,499961	1235,646534	1807,780569	4,150000	0,438344	-5252,368519
25.06.2021	10:11:50	20 Zyklen	2,068352	997,000000	215,892069	217,499961	217,499961	217,499961	905,340861	905,340861	4,150000	0,437335	-5255,873512
25.06.2021	10:11:53	20 Zyklen	2,071105	1498,000000	215,892069	217,499961	217,499961	217,499961	602,553296	602,553296	4,150000	0,437851	-5257,250474
25.06.2021	10:11:56	20 Zyklen	2,070778	1997,000000	215,892069	217,499961	217,499961	217,499961	451,990405	451,990405	4,150000	0,437726	-5254,559140
25.06.2021	10:11:59	20 Zyklen	3,039990	499,300000	101,873593	217,499961	103,481485	217,499961	860,100462	1807,780569	4,150000	0,642688	-5053,710500
25.06.2021	10:12:04	20 Zyklen	3,051094	998,000000	190,561686	217,499961	192,169577	217,499961	799,101950	904,433706	4,150000	0,645058	-5048,640777
25.06.2021	10:12:07	20 Zyklen	3,059025	1498,000000	215,892069	217,499961	217,499961	217,499961	602,553296	602,553296	4,150000	0,646712	-5045,260962
25.06.2021	10:12:10	20 Zyklen	3,067531	1997,000000	215,892069	217,499961	217,499961	217,499961	451,990405	451,990405	4,150000	0,648550	-5048,327832
25.06.2021	10:12:14	20 Zyklen	5,054228	499,300000	74,570650	217,499961	76,178542	217,499961	633,168332	1807,780569	4,150000	1,068526	-4621,845224
25.06.2021	10:12:18	20 Zyklen	5,046592	997,000000	143,829817	217,499961	145,437709	217,499961	605,382641	905,340861	4,150000	1,066945	-4615,335950
25.06.2021	10:12:21	20 Zyklen	5,053948	1498,000000	215,892069	217,499961	217,499961	217,499961	602,553296	602,553296	4,150000	1,068444	-4621,782635
25.06.2021	10:12:25	20 Zyklen	5,061894	1997,000000	215,892069	217,499961	217,499961	217,499961	451,990405	451,990405	4,150000	1,070183	-4621,907813
25.06.2021	10:12:28	20 Zyklen	6,057048	499,300000	65,305731	217,499961	66,913622	217,499961	556,161692	1807,780569	4,150000	1,280553	-4400,905442
25.06.2021	10:12:32	20 Zyklen	6,055368	997,000000	128,243938	217,499961	129,851830	217,499961	540,506613	905,340861	4,150000	1,280146	-4397,713394
25.06.2021	10:12:36	20 Zyklen	6,050843	1498,000000	192,994923	217,499961	194,602815	217,499961	539,119949	602,553296	4,150000	1,279176	-4396,962324
25.06.2021	10:12:39	20 Zyklen	6,053098	1997,000000	215,892069	217,499961	217,499961	217,499961	451,990405	451,990405	4,150000	1,279653	-4397,838573
25.06.2021	10:12:42	20 Zyklen	10,051406	499,300000	45,764689	217,499961	47,372581	217,499961	393,743665	1807,780569	4,150000	2,124976	-3558,955820
25.06.2021	10:12:47	20 Zyklen	10,039805	998,000000	91,438531	217,499961	93,046423	217,499961	386,916490	904,433706	4,150000	2,122506	-3558,142161
25.06.2021	10:12:50	20 Zyklen	10,047813	1498,000000	137,728389	217,499961	139,336281	217,499961	386,011727	602,553296	4,150000	2,124256	-3557,453680
25.06.2021	10:12:53	20 Zyklen	10,049322	1997,000000	183,598385	217,499961	185,206276	217,499961	384,880344	451,990405	4,150000	2,124542	-3558,955820
25.06.2021	10:12:56	20 Zyklen	12,032195	499,300000	40,265941	217,499961	41,873833	217,499961	348,040070	1807,780569	4,150000	2,543822	-3135,978117
25.06.2021	10:13:01	20 Zyklen	12,037886	998,000000	81,164165	217,499961	82,772057	217,499961	344,192422	904,433706	4,150000	2,544894	-3132,097588
25.06.2021	10:13:04	20 Zyklen	12,032770	1498,000000	122,412660	217,499961	124,020552	217,499961	343,581635	602,553296	4,150000	2,543848	-3128,154469
25.06.2021	10:13:07	20 Zyklen	12,037871	1997,000000	163,355762	217,499961	164,963654	217,499961	342,813803	451,990405	4,150000	2,545002	-3137,104722
25.06.2021	10:13:11	20 Zyklen	15,003429	499,300000	34,621337	217,499961	36,229228	217,499961	301,124170	1807,780569	4,150000	3,172299	-2500,572675
25.06.2021	10:13:15	20 Zyklen	15,041685	998,000000	70,257100	217,499961	71,864992	217,499961	298,837392	904,433706	4,150000	3,179979	-2486,552697
25.06.2021	10:13:18	20 Zyklen	15,040348	1497,000000	106,073175	217,499961	107,681067	217,499961	298,514647	602,955804	4,150000	3,179693	-2489,869924
25.06.2021	10:13:22	20 Zyklen	15,039835	1997,000000	141,711975	217,499961	143,319867	217,499961	297,835477	451,990405	4,150000	3,179614	-2491,935367
25.06.2021	10:13:25	20 Zyklen	20,034237	499,300000	28,290761	217,499961	29,898653	217,499961	248,506726	1807,780569	4,150000	4,235519	-1435,492318
25.06.2021	10:13:29	20 Zyklen	20,031142	998,000000	57,909202	217,499961	59,517094	217,499961	247,490922	904,433706	4,150000	4,234750	-1428,544916
25.06.2021	10:13:33	20 Zyklen	20,037518	1498,000000	87,508658	217,499961	89,116550	217,499961	246,884968	602,553296	4,150000	4,236220	-1430,547771
25.06.2021	10:13:36	20 Zyklen	20,036305	1997,000000	116,952746	217,499961	118,560638	217,499961	246,382898	451,990405	4,150000	4,235996	-1431,111074
25.06.2021	10:13:55	20 Zyklen	2,071012	499,300000	128,930155	217,499961	130,538046	217,499961	1084,984764	1807,780569	4,150000	0,437496	-5257,626009
25.06.2021	10:14:00	20 Zyklen	2,070654	998,000000	215,892069	217,499961	217,499961	217,499961	904,433706	904,433706	4,150000	0,437749	-5252,556286
25.06.2021	10:14:03	20 Zyklen	2,068679	1497,000000	215,892069	217,499961	217,499961	217,499961	602,955804	602,955804	4,150000	0,437365	-5255,685745
25.06.2021	10:14:06	20 Zyklen	2,067839	1997,000000	215,892069	217,499961	217,499961	217,499961	451,990405	451,990405	4,150000	0,437181	-5251,116735
25.06.2021	10:14:09	20 Zyklen	3,062586	499,300000	91,319081	217,499961	92,926973	217,499961	772,375199	1807,780569	4,150000	0,647468	-5062,285216
25.06.2021	10:14:14	20 Zyklen	3,064654	998,000000	173,741371	217,499961	175,349263	217,499961	729,157756	904,433706	4,150000	0,647885	-5060,720487
25.06.2021	10:14:17	20 Zyklen	3,066613	1497,000000	215,892069	217,499961	217,499961	217,499961	602,955804	602,955804	4,150000	0,648329	-5059,093169
25.06.2021	10:14:20	20 Zyklen	3,070066	1997,000000	215,892069	217,499961	217,499961	217,499961	451,990405	451,990405	4,150000	0,649079	-5056,652191
25.06.2021	10:14:24	20 Zyklen	5,052206	499,300000	65,032836	217,499961	66,640728	217,499961	553,893495	1807,780569	4,150000	1,068092	-4623,535131
25.06.2021	10:14:28	20 Zyklen	5,056700	998,000000	125,152904	217,499961	126,760796	217,499961	527,111525	904,433706	4,150000	1,068983	-4624,786915
25.06.2021	10:14:31	20 Zyklen	5,059422	1497,000000	188,416794	217,499961	190,024686	217,499961	526,788542	602,955804	4,150000	1,069592	-4620,593440
25.06.2021	10:14:35	20 Zyklen	5,057244	1997,000000	215,892069	217,499961	217,499961	217,499961	451,990405	451,990405	4,150000	1,069121	-4619,842370
25.06.2021	10:14:38	20 Zyklen	6,060189	499,300000	57,780859	217,499961	59,388751	217,499961	493,617700	1807,780569	4,150000	1,281198	-4399,966604
25.06.2021	10:14:42	20 Zyklen	6,057281	998,000000	113,888818	217,499961	115,496710	217,499961	480,271890	904,433706	4,150000	1,280494	-4403,847133
25.06.2021	10:14:46	20 Zyklen	6,057172	1498,000000	171,392853	217,499961	173,000745	217,499961	479,274426	602,553296	4,150000	1,280507	-4402,032047
25.06.2021	10:14:49	20 Zyklen	6,059971	1997,000000	215,892069	217,499961	217,499961	217,499961	451,990405	451,990405	4,150000	1,281178	-4400,029194
25.06.2021	10:14:52	20 Zyklen	10,051188	499,300000	40,587982	217,499961	42,195874	217,499961	350,716757	1807,780569	4,150000	2,124972	-3557,015556
25.06.2021	10:14:57	20 Zyklen	10,038296	998,000000	80,915053	217,499961	82,522945	217,499961	343,156535	904,433706	4,150000	2,122142	-3559,581712
25.06.2021	10:15:00	20 Zyklen	10,044563	1497,000000	122,106549	217,499961	123,714441	217,499961	342,962544	602,955804	4,150000	2,123473	-3560,708317
25.06.2021	10:15:03	20 Zyklen	10,053179	1997,000000	163,090360	217,499961	164,698252	217,499961	342,262266	451,990405	4,150000	2,125380	-3557,203323
25.06.2021	10:15:06	20 Zyklen	12,046284	499,300000	35,721531	217,499961	37,329423	217,499961	310,268589	1807,780569	4,150000	2,546797	-3135,915528
25.06.2021	10:15:11	20 Zyklen	12,040219	998,000000	71,857048	217,499961	73,464940	217,499961	305,490481	904,433706	4,150000	2,545452	-3133,349371
25.06.2021	10:15:14	20 Zyklen	12,044402	1498,000000	108,471962	217,499961	110,079854	217,499961	304,960878	602,553296	4,150000	2,546209	-3132,347944
25.06.2021	10:15:17	20 Zyklen	12,035414	1997,000000	144,957231	217,499961	146,565123	217,499961	304,579499	451,990405	4,150000	2,544469	-3137,104723
25.06.2021	10:15:21	20 Zyklen	15,015544	499,300000	30,743679	217,499961	32,351571	217,499961	268,894488	1807,780569	4,150000	3,175041	-2499,070535
25.06.2021	10:15:25	20 Zyklen	15,037797	998,000000	62,376501	217,499961	63,984393	217,499961	266,067364	904,433706	4,150000	3,178970	-2490,620994
25.06.2021	10:15:28	20 Zyklen	15,030970	1498,000000	94,225890	217,499961	95,833782	217,499961	265,494122	602,553296	4,150000	3,177839	-2491,747599
25.06.2021	10:15:32	20 Zyklen	15,043785	1997,000000	125,899010	217,499961	127,506902	217,499961	264,974283	451,990405	4,150000	3,180541	-2491,559832
25.06.2021	10:15:35	20 Zyklen	20,028934	499,300000	25,187836	217,499961	26,795728	217,499961	222,716344	1807,780569	4,150000	4,234053	-1440,937578
25.06.2021	10:15:39	20 Zyklen	20,032806	998,000000	51,655262	217,499961	53,263154	217,499961	221,485060	904,433706	4,150000	4,234993	-1429,984468
25.06.2021	10:15:43	20 Zyklen	20,006509	1498,000000	78,156838	217,499961	79,764730	217,499961	220,977055	602,553296	4,150000	4,229661	-1429,483754
25.06.2021	10:15:46	20 Zyklen	20,007178	1997,000000	104,471481	217,499961	106,079373	217,499961	220,445368	451,990405	4,150000	4,229733	-1433,739820
25.06.2021	10:16:05	20 Zyklen	2,072598	499,300000	130,192359	217,499961	131,800251	217,499961	1095,475751	1807,780569	4,150000	0,438170	-5262,382785
25.06.2021	10:16:10	20 Zyklen	2,072769	998,000000	215,892069	217,499961	217,499961	217,499961	904,433706	904,433706	4,150000	0,438206	-5260,943235
25.06.2021	10:16:13	20 Zyklen	2,069690	1497,000000	215,892069	217,499961	217,499961	217,499961	602,955804	602,955804	4,150000	0,437526	-5260,818056
25.06.2021	10:16:16	20 Zyklen	2,068663	1997,000000	215,892069	217,499961	217,499961	217,499961	451,990405	451,990405	4,150000	0,437361	-5258,001544
25.06.2021	10:16:19	20 Zyklen	3,051700	499,300000	96,292924	217,499961	97,900816	217,499961	813,715971	1807,780569	4,150000	0,645176	-5043,320698
25.06.2021	10:16:24	20 Zyklen	3,067375	997,000000	177,312687	217,499961	178,920579	217,499961	744,754667	905,340861	4,150000	0,648484	-5038,563921
25.06.2021	10:16:27	20 Zyklen	3,067344	1497,000000	215,892069	217,499961	217,499961	217,499961	602,955804	602,955804	4,150000	0,648504	-5041,004899
25.06.2021	10:16:30	20 Zyklen	3,066038	1997,000000	215,892069	217,499961	217,499961	217,499961	451,990405	451,990405	4,150000	0,648171	-5041,255256
25.06.2021	10:16:34	20 Zyklen	5,055425	499,300000	66,679228	217,499961	68,287120	217,499961	567,577707	1807,780569	4,150000	1,068812	-4617,714338
25.06.2021	10:16:38	20 Zyklen	5,043855	998,000000	129,855872	217,499961	131,463764	217,499961	546,667957	904,433706	4,150000	1,066288	-4616,838090
25.06.2021	10:16:41	20 Zyklen	5,049298	1497,000000	195,095481	217,499961	196,703373	217,499961	545,303271	602,955804	4,150000	1,067458	-4617,463982
25.06.2021	10:16:45	20 Zyklen	5,058815	1997,000000	215,892069	217,499961	217,499961	217,499961	451,990405	451,990405	4,150000	1,069569	-4615,648896
25.06.2021	10:16:48	20 Zyklen	6,055913	499,300000	58,641244	217,499961	60,249136	217,499961	500,768906	1807,780569	4,150000	1,280274	-4403,659366
25.06.2021	10:16:52	20 Zyklen	6,056815	998,000000	115,439592	217,499961	117,047484	217,499961	486,720498	904,433706	4,150000	1,280389	-4396,461611
25.06.2021	10:16:56	20 Zyklen	6,049723	1497,000000	173,641218	217,499961	175,249110	217,499961	485,827526	602,955804	4,150000	1,278896	-4400,467318
25.06.2021	10:16:59	20 Zyklen	6,050734	1997,000000	215,892069	217,499961	217,499961	217,499961	451,990405	451,990405	4,150000	1,279304	-4400,968031
25.06.2021	10:17:02	20 Zyklen	10,048529	499,300000	40,955549	217,499961	42,563441	217,499961	353,771839	1807,780569	4,150000	2,124449	-3567,280181
25.06.2021	10:17:07	20 Zyklen	10,052385	998,000000	81,596372	217,499961	83,204264	217,499961	345,989675	904,433706	4,150000	2,125114	-3562,398225
25.06.2021	10:17:10	20 Zyklen	10,034844	1497,000000	123,244550	217,499961	124,852441	217,499961	346,117323	602,955804	4,150000	2,121425	-3561,209031
25.06.2021	10:17:13	20 Zyklen	10,031298	1997,000000	164,628153	217,499961	166,236045	217,499961	345,457981	451,990405	4,150000	2,120741	-3569,095268
25.06.2021	10:17:16	20 Zyklen	12,047186	499,300000	35,647214	217,499961	37,255106	217,499961	309,650893	1807,780569	4,150000	2,546925	-3130,783215
25.06.2021	10:17:21	20 Zyklen	12,045055	997,000000	71,783981	217,499961	73,391873	217,499961	305,492753	905,340861	4,150000	2,546357	-3130,470269
25.06.2021	10:17:24	20 Zyklen	12,034418	1497,000000	108,445542	217,499961	110,053434	217,499961	305,091350	602,955804	4,150000	2,544252	-3134,663744
25.06.2021	10:17:27	20 Zyklen	12,037777	1997,000000	144,838105	217,499961	146,445997	217,499961	304,331941	451,990405	4,150000	2,545051	-3134,413388
25.06.2021	10:17:31	20 Zyklen	15,024128	499,300000	30,383229	217,499961	31,991120	217,499961	265,898558	1807,780569	4,150000	3,176826	-2495,502951
25.06.2021	10:17:35	20 Zyklen	15,041825	998,000000	61,744009	217,499961	63,351901	217,499961	263,437263	904,433706	4,150000	3,180088	-2490,308048
25.06.2021	10:17:38	20 Zyklen	15,042292	1497,000000	93,341243	217,499961	94,949135	217,499961	263,219044	602,955804	4,150000	3,180216	-2490,620994
25.06.2021	10:17:42	20 Zyklen	15,040223	1997,000000	124,665734	217,499961	126,273626	217,499961	262,411391	451,990405	4,150000	3,179667	-2492,498670
25.06.2021	10:17:45	20 Zyklen	20,025964	499,300000	24,427802	217,499961	26,035694	217,499961	216,399217	1807,780569	4,150000	4,233984	-1436,681513
25.06.2021	10:17:49	20 Zyklen	19,975391	998,000000	50,144076	217,499961	51,751967	217,499961	215,201067	904,433706	4,150000	4,223026	-1434,490891
25.06.2021	10:17:53	20 Zyklen	20,026694	1497,000000	75,888415	217,499961	77,496307	217,499961	214,836123	602,955804	4,150000	4,234106	-1434,303123
25.06.2021	10:17:56	20 Zyklen	20,033708	1997,000000	101,502259	217,499961	103,110151	217,499961	214,274975	451,990405	4,150000	4,235296	-1432,675804
25.06.2021	10:18:15	20 Zyklen	2,071509	499,300000	133,490754	217,499961	135,098646	217,499961	1122,890810	1807,780569	4,150000	0,437749	-5253,933248
25.06.2021	10:18:20	20 Zyklen	2,071354	998,000000	215,892069	217,499961	217,499961	217,499961	904,433706	904,433706	4,150000	0,437933	-5250,303076
25.06.2021	10:18:23	20 Zyklen	2,069581	1497,000000	215,892069	217,499961	217,499961	217,499961	602,955804	602,955804	4,150000	0,437555	-5256,123869
25.06.2021	10:18:26	20 Zyklen	2,070250	1997,000000	215,892069	217,499961	217,499961	217,499961	451,990405	451,990405	4,150000	0,437664	-5256,874939
25.06.2021	10:18:29	20 Zyklen	3,057656	499,300000	93,640693	217,499961	95,248585	217,499961	791,671595	1807,780569	4,150000	0,646478	-5064,475837
25.06.2021	10:18:34	20 Zyklen	3,066474	998,000000	175,530421	217,499961	177,138313	217,499961	736,597192	904,433706	4,150000	0,648306	-5065,101729
25.06.2021	10:18:37	20 Zyklen	3,065945	1498,000000	215,892069	217,499961	217,499961	217,499961	602,553296	602,553296	4,150000	0,648185	-5060,783076
25.06.2021	10:18:40	20 Zyklen	3,068013	1997,000000	215,892069	217,499961	217,499961	217,499961	451,990405	451,990405	4,150000	0,648586	-5060,532719
25.06.2021	10:18:44	20 Zyklen	5,057447	499,300000	66,723701	217,499961	68,331592	217,499961	567,947344	1807,780569	4,150000	1,069322	-4622,345937
25.06.2021	10:18:48	20 Zyklen	5,048925	998,000000	129,153974	217,499961	130,761866	217,499961	543,749242	904,433706	4,150000	1,067320	-4620,843797
25.06.2021	10:18:51	20 Zyklen	5,056063	1497,000000	194,131355	217,499961	195,739247	217,499961	542,630510	602,955804	4,150000	1,068937	-4621,845224
25.06.2021	10:18:55	20 Zyklen	5,061443	1997,000000	215,892069	217,499961	217,499961	217,499961	451,990405	451,990405	4,150000	1,070088	-4618,277641
25.06.2021	10:18:58	20 Zyklen	6,043938	499,300000	60,329995	217,499961	61,937887	217,499961	514,805190	1807,780569	4,150000	1,277769	-4405,224095
25.06.2021	10:19:02	20 Zyklen	6,055197	998,000000	118,230818	217,499961	119,838709	217,499961	498,327299	904,433706	4,150000	1,280182	-4400,279550
25.06.2021	10:19:06	20 Zyklen	6,060780	1497,000000	177,726808	217,499961	179,334700	217,499961	497,153644	602,955804	4,150000	1,281191	-4400,091783
25.06.2021	10:19:09	20 Zyklen	6,057888	1997,000000	215,892069	217,499961	217,499961	217,499961	451,990405	451,990405	4,150000	1,280705	-4399,716248
25.06.2021	10:19:12	20 Zyklen	10,043008	499,300000	40,216528	217,499961	41,824420	217,499961	347,629368	1807,780569	4,150000	2,123256	-3557,891804
25.06.2021	10:19:17	20 Zyklen	10,042308	998,000000	80,261472	217,499961	81,869364	217,499961	340,438739	904,433706	4,150000	2,123059	-3558,642874
25.06.2021	10:19:20	20 Zyklen	10,050379	1497,000000	121,056047	217,499961	122,663939	217,499961	340,050331	602,955804	4,150000	2,124666	-3555,576004
25.06.2021	10:19:23	20 Zyklen	10,041173	1997,000000	161,675979	217,499961	163,283871	217,499961	339,323017	451,990405	4,150000	2,122848	-3565,214738
25.06.2021	10:19:26	20 Zyklen	12,048539	499,300000	35,081008	217,499961	36,688900	217,499961	304,944794	1807,780569	4,150000	2,547244	-3135,227047
25.06.2021	10:19:31	20 Zyklen	12,042334	998,000000	70,629877	217,499961	72,237768	217,499961	300,387514	904,433706	4,150000	2,545939	-3135,477404
25.06.2021	10:19:34	20 Zyklen	12,044900	1497,000000	106,652842	217,499961	108,260734	217,499961	300,121607	602,955804	4,150000	2,546435	-3136,353652
25.06.2021	10:19:37	20 Zyklen	12,040903	1997,000000	142,468370	217,499961	144,076262	217,499961	299,407355	451,990405	4,150000	2,545584	-3137,229901
25.06.2021	10:19:41	20 Zyklen	15,013429	499,300000	29,841598	217,499961	31,449490	217,499961	261,396723	1807,780569	4,150000	3,174633	-2500,572675
25.06.2021	10:19:45	20 Zyklen	15,042945	998,000000	60,519874	217,499961	62,127766	217,499961	258,346924	904,433706	4,150000	3,180163	-2489,494389
25.06.2021	10:19:48	20 Zyklen	15,043396	1497,000000	91,430032	217,499961	93,037924	217,499961	257,920765	602,955804	4,150000	3,180367	-2493,562686
25.06.2021	10:19:52	20 Zyklen	15,039570	1997,000000	122,215789	217,499961	123,823681	217,499961	257,320119	451,990405	4,150000	3,179489	-2493,124562
25.06.2021	10:19:55	20 Zyklen	20,033024	499,300000	23,948959	217,499961	25,556851	217,499961	212,419253	1807,780569	4,150000	4,234859	-1435,993031
25.06.2021	10:19:59	20 Zyklen	20,026492	998,000000	49,164114	217,499961	50,772006	217,499961	211,126076	904,433706	4,150000	4,233869	-1431,236252
25.06.2021	10:20:03	20 Zyklen	20,029385	1497,000000	74,387160	217,499961	75,995052	217,499961	210,674326	602,955804	4,150000	4,234418	-1430,610360
25.06.2021	10:20:06	20 Zyklen	20,030427	1997,000000	99,609552	217,499961	101,217444	217,499961	210,341709	451,990405	4,150000	4,234635	-1434,240534
25.06.2021	10:20:25	20 Zyklen	2,070436	499,300000	121,551649	217,499961	123,159540	217,499961	1023,657306	1807,780569	4,150000	0,437713	-5256,874939
25.06.2021	10:20:30	20 Zyklen	2,067310	998,000000	207,271358	217,499961	208,879250	217,499961	868,586061	904,433706	4,150000	0,437062	-5258,815203
25.06.2021	10:20:33	20 Zyklen	2,072116	1497,000000	215,892069	217,499961	217,499961	217,499961	602,955804	602,955804	4,150000	0,438098	-5260,066986
25.06.2021	10:20:36	20 Zyklen	2,070669	1997,000000	215,892069	217,499961	217,499961	217,499961	451,990405	451,990405	4,150000	0,437786	-5259,253327
25.06.2021	10:20:39	20 Zyklen	3,043349	499,300000	85,321197	217,499961	86,929089	217,499961	722,522968	1807,780569	4,150000	0,643454	-5049,955150
25.06.2021	10:20:44	20 Zyklen	3,052555	998,000000	159,986909	217,499961	161,594800	217,499961	671,962346	904,433706	4,150000	0,645334	-5049,892561
25.06.2021	10:20:47	20 Zyklen	3,062119	1497,000000	215,892069	217,499961	217,499961	217,499961	602,955804	602,955804	4,150000	0,647350	-5048,703367
25.06.2021	10:20:50	20 Zyklen	3,068231	1997,000000	215,892069	217,499961	217,499961	217,499961	451,990405	451,990405	4,150000	0,648707	-5046,137211
25.06.2021	10:20:54	20 Zyklen	5,060774	499,300000	61,845339	217,499961	63,453231	217,499961	527,400180	1807,780569	4,150000	1,069911	-4618,089873
25.06.2021	10:20:58	20 Zyklen	5,059562	998,000000	120,525525	217,499961	122,133417	217,499961	507,869420	904,433706	4,150000	1,069621	-4613,771221
25.06.2021	10:21:01	20 Zyklen	5,052641	1497,000000	181,278307	217,499961	182,886198	217,499961	506,999147	602,955804	4,150000	1,068191	-4626,163877
25.06.2021	10:21:05	20 Zyklen	5,053668	1997,000000	215,892069	217,499961	217,499961	217,499961	451,990405	451,990405	4,150000	1,068332	-4618,840944
25.06.2021	10:21:08	20 Zyklen	6,057203	499,300000	53,124152	217,499961	54,732044	217,499961	454,912846	1807,780569	4,150000	1,280481	-4410,606764
25.06.2021	10:21:12	20 Zyklen	6,060951	998,000000	104,855071	217,499961	106,462963	217,499961	442,706708	904,433706	4,150000	1,281415	-4406,288111
25.06.2021	10:21:16	20 Zyklen	6,056255	1497,000000	158,134765	217,499961	159,742657	217,499961	442,840365	602,955804	4,150000	1,280379	-4407,727662
25.06.2021	10:21:19	20 Zyklen	6,053487	1997,000000	210,797543	217,499961	212,405435	217,499961	441,403383	451,990405	4,150000	1,279866	-4408,666500
25.06.2021	10:21:22	20 Zyklen	10,051437	499,300000	36,927799	217,499961	38,535691	217,499961	320,294651	1807,780569	4,150000	2,124976	-3555,325648
25.06.2021	10:21:27	20 Zyklen	10,037892	998,000000	74,027033	217,499961	75,634925	217,499961	314,513967	904,433706	4,150000	2,122086	-3556,452253
25.06.2021	10:21:30	20 Zyklen	10,041873	1497,000000	111,734724	217,499961	113,342615	217,499961	314,209655	602,955804	4,150000	2,122980	-3559,268766
25.06.2021	10:21:33	20 Zyklen	10,048700	1997,000000	149,290183	217,499961	150,898075	217,499961	313,583881	451,990405	4,150000	2,124496	-3559,769480
25.06.2021	10:21:36	20 Zyklen	12,047093	499,300000	32,277783	217,499961	33,885675	217,499961	281,645404	1807,780569	4,150000	2,546912	-3130,658036
25.06.2021	10:21:41	20 Zyklen	12,046626	998,000000	65,122703	217,499961	66,730595	217,499961	277,486943	904,433706	4,150000	2,546814	-3129,719199
25.06.2021	10:21:44	20 Zyklen	12,035087	1497,000000	98,417149	217,499961	100,025041	217,499961	277,290528	602,955804	4,150000	2,544358	-3132,598301
25.06.2021	10:21:47	20 Zyklen	12,031806	1997,000000	131,588185	217,499961	133,196077	217,499961	276,797056	451,990405	4,150000	2,543565	-3135,665171
25.06.2021	10:21:51	20 Zyklen	15,010427	499,300000	27,289723	217,499961	28,897615	217,499961	240,186468	1807,780569	4,150000	3,173940	-2500,823032
25.06.2021	10:21:55	20 Zyklen	15,044127	998,000000	55,686790	217,499961	57,294681	217,499961	238,249427	904,433706	4,150000	3,180528	-2487,241178
25.06.2021	10:21:58	20 Zyklen	15,043178	1497,000000	84,146791	217,499961	85,754683	217,499961	237,730082	602,955804	4,150000	3,180318	-2492,123135
25.06.2021	10:22:02	20 Zyklen	15,037548	1997,000000	112,506518	217,499961	114,114410	217,499961	237,143115	451,990405	4,150000	3,179036	-2491,685010
25.06.2021	10:22:05	20 Zyklen	20,038405	499,300000	22,069826	217,499961	23,677718	217,499961	196,800582	1807,780569	4,150000	4,236318	-1437,745529
25.06.2021	10:22:09	20 Zyklen	20,036305	998,000000	45,493313	217,499961	47,101205	217,499961	195,861722	904,433706	4,150000	4,235911	-1431,298841
25.06.2021	10:22:13	20 Zyklen	20,028234	1497,000000	68,889727	217,499961	70,497619	217,499961	195,434281	602,955804	4,150000	4,234106	-1430,422592
25.06.2021	10:22:16	20 Zyklen	20,027768	1997,000000	92,213214	217,499961	93,821106	217,499961	194,971252	451,990405	4,150000	4,234198	-1434,115355
25.06.2021	10:22:35	20 Zyklen	2,073064	499,300000	104,965364	217,499961	106,573256	217,499961	885,798142	1807,780569	4,150000	0,438269	-5254,559140
25.06.2021	10:22:40	20 Zyklen	2,064294	998,000000	184,513213	217,499961	186,121105	217,499961	773,950486	904,433706	4,150000	0,436378	-5259,879219
25.06.2021	10:22:43	20 Zyklen	2,071245	1497,000000	215,892069	217,499961	217,499961	217,499961	602,955804	602,955804	4,150000	0,437884	-5255,998690
25.06.2021	10:22:46	20 Zyklen	2,071431	1997,000000	215,892069	217,499961	217,499961	217,499961	451,990405	451,990405	4,150000	0,437927	-5258,752614
25.06.2021	10:22:49	20 Zyklen	3,030551	499,300000	77,972821	217,499961	79,580713	217,499961	661,445939	1807,780569	4,150000	0,640712	-5056,652191
25.06.2021	10:22:54	20 Zyklen	3,039104	997,000000	148,611202	217,499961	150,219094	217,499961	625,285095	905,340861	4,150000	0,642504	-5052,709073
25.06.2021	10:22:57	20 Zyklen	3,049974	1497,000000	215,892069	217,499961	217,499961	217,499961	602,955804	602,955804	4,150000	0,644795	-5048,265242
25.06.2021	10:23:00	20 Zyklen	3,054577	1997,000000	215,892069	217,499961	217,499961	217,499961	451,990405	451,990405	4,150000	0,645841	-5044,509892
25.06.2021	10:23:04	20 Zyklen	5,062174	499,300000	55,887934	217,499961	57,495826	217,499961	477,884397	1807,780569	4,150000	1,070226	-4621,907813
25.06.2021	10:23:08	20 Zyklen	5,054725	997,000000	108,759161	217,499961	110,367053	217,499961	459,401474	905,340861	4,150000	1,068651	-4614,897826
25.06.2021	10:23:11	20 Zyklen	5,056825	1497,000000	163,686527	217,499961	165,294419	217,499961	458,231022	602,955804	4,150000	1,069191	-4615,899252
25.06.2021	10:23:15	20 Zyklen	5,052843	1997,000000	215,892069	217,499961	217,499961	217,499961	451,990405	451,990405	4,150000	1,068211	-4621,970402
25.06.2021	10:23:18	20 Zyklen	6,056410	499,300000	48,690999	217,499961	50,298891	217,499961	418,066091	1807,780569	4,150000	1,280461	-4405,286684
25.06.2021	10:23:22	20 Zyklen	6,057281	998,000000	96,257807	217,499961	97,865698	217,499961	406,956561	904,433706	4,150000	1,280580	-4410,731942
25.06.2021	10:23:26	20 Zyklen	6,056799	1497,000000	144,991493	217,499961	146,599385	217,499961	406,404439	602,955804	4,150000	1,280560	-4408,791678
25.06.2021	10:23:29	20 Zyklen	6,059645	1997,000000	193,290842	217,499961	194,898734	217,499961	405,022407	451,990405	4,150000	1,281063	-4408,290965
25.06.2021	10:23:32	20 Zyklen	10,045108	499,300000	33,615422	217,499961	35,223314	217,499961	292,763374	1807,780569	4,150000	2,123726	-3564,839203
25.06.2021	10:23:37	20 Zyklen	10,047394	997,000000	67,656035	217,499961	69,263927	217,499961	288,310228	905,340861	4,150000	2,124186	-3558,142161
25.06.2021	10:23:40	20 Zyklen	10,039058	1497,000000	102,318323	217,499961	103,926215	217,499961	288,105407	602,955804	4,150000	2,122391	-3559,581712
25.06.2021	10:23:43	20 Zyklen	10,042028	1997,000000	136,926930	217,499961	138,534822	217,499961	287,891592	451,990405	4,150000	2,123026	-3561,709744
25.06.2021	10:23:46	20 Zyklen	12,046766	499,300000	29,812873	217,499961	31,420765	217,499961	261,157968	1807,780569	4,150000	2,546840	-3134,851512
25.06.2021	10:23:51	20 Zyklen	12,039939	997,000000	60,317082	217,499961	61,924974	217,499961	257,761927	905,340861	4,150000	2,545406	-3134,976690
25.06.2021	10:23:54	20 Zyklen	12,039348	1497,000000	91,299052	217,499961	92,906943	217,499961	257,557659	602,955804	4,150000	2,545295	-3136,165885
25.06.2021	10:23:57	20 Zyklen	12,048228	1997,000000	121,934716	217,499961	123,542607	217,499961	256,736014	451,990405	4,150000	2,547086	-3136,979544
25.06.2021	10:24:01	20 Zyklen	14,984192	499,300000	25,141915	217,499961	26,749807	217,499961	222,334666	1807,780569	4,150000	3,168101	-2507,144541
25.06.2021	10:24:05	20 Zyklen	15,044235	998,000000	51,406418	217,499961	53,014309	217,499961	220,450285	904,433706	4,150000	3,180604	-2483,798772
25.06.2021	10:24:08	20 Zyklen	15,039943	1497,000000	77,754148	217,499961	79,362040	217,499961	220,008327	602,955804	4,150000	3,179585	-2489,431799
25.06.2021	10:24:12	20 Zyklen	15,043878	1997,000000	103,993280	217,499961	105,601172	217,499961	219,451609	451,990405	4,150000	3,180423	-2491,935367
25.06.2021	10:24:15	20 Zyklen	20,037067	499,300000	20,110909	217,499961	21,718801	217,499961	180,518775	1807,780569	4,150000	4,236193	-1437,369994
25.06.2021	10:24:19	20 Zyklen	20,037503	997,000000	41,552853	217,499961	43,160745	217,499961	179,656060	905,340861	4,150000	4,236137	-1430,672949
25.06.2021	10:24:23	20 Zyklen	20,027830	1497,000000	62,957141	217,499961	64,565033	217,499961	178,987901	602,955804	4,150000	4,234060	-1435,867853
25.06.2021	10:24:26	20 Zyklen	20,028514	1997,000000	84,375479	217,499961	85,983370	217,499961	178,683519	451,990405	4,150000	4,234185	-1439,185081
25.06.2021	10:24:45	20 Zyklen	2,067995	499,200000	102,313711	217,499961	103,921603	217,499961	863,931598	1808,142705	4,150000	0,437194	-5259,691451
25.06.2021	10:24:50	20 Zyklen	2,067528	997,000000	179,222126	217,499961	180,830018	217,499961	752,702681	905,340861	4,150000	0,437092	-5255,623155
25.06.2021	10:24:53	20 Zyklen	2,071074	1497,000000	215,892069	217,499961	217,499961	217,499961	602,955804	602,955804	4,150000	0,437848	-5254,183605
25.06.2021	10:24:56	20 Zyklen	2,071307	1997,000000	215,892069	217,499961	217,499961	217,499961	451,990405	451,990405	4,150000	0,437851	-5256,624582
25.06.2021	10:24:59	20 Zyklen	3,028420	499,200000	74,947775	217,499961	76,555667	217,499961	636,430327	1808,142705	4,150000	0,640275	-5051,519879
25.06.2021	10:25:04	20 Zyklen	3,043007	997,000000	144,812804	217,499961	146,420696	217,499961	609,474310	905,340861	4,150000	0,643326	-5051,582468
25.06.2021	10:25:07	20 Zyklen	3,049679	1497,000000	215,892069	217,499961	217,499961	217,499961	602,955804	602,955804	4,150000	0,644733	-5050,831398
25.06.2021	10:25:10	20 Zyklen	3,056163	1997,000000	215,892069	217,499961	217,499961	217,499961	451,990405	451,990405	4,150000	0,646136	-5049,454437
25.06.2021	10:25:14	20 Zyklen	5,050526	499,300000	55,768091	217,499961	57,375983	217,499961	476,888300	1807,780569	4,150000	1,067721	-4617,088447
25.06.2021	10:25:18	20 Zyklen	5,052315	998,000000	109,434957	217,499961	111,042849	217,499961	461,751328	904,433706	4,150000	1,068135	-4623,848077
25.06.2021	10:25:21	20 Zyklen	5,054414	1497,000000	164,548493	217,499961	166,156385	217,499961	460,620573	602,955804	4,150000	1,068615	-4617,776928
25.06.2021	10:25:25	20 Zyklen	5,060028	1997,000000	215,892069	217,499961	217,499961	217,499961	451,990405	451,990405	4,150000	1,069700	-4622,471116
25.06.2021	10:25:28	20 Zyklen	6,057437	499,300000	48,144754	217,499961	49,752646	217,499961	413,525895	1807,780569	4,150000	1,280609	-4408,979446
25.06.2021	10:25:32	20 Zyklen	6,059925	998,000000	95,301079	217,499961	96,908971	217,499961	402,978186	904,433706	4,150000	1,281158	-4402,532761
25.06.2021	10:25:36	20 Zyklen	6,055835	1497,000000	143,582407	217,499961	145,190299	217,499961	402,498157	602,955804	4,150000	1,280271	-4405,787398
25.06.2021	10:25:39	20 Zyklen	6,054155	1997,000000	191,162417	217,499961	192,770309	217,499961	400,599290	451,990405	4,150000	1,279860	-4406,100344
25.06.2021	10:25:42	20 Zyklen	10,043133	499,300000	33,723867	217,499961	35,331759	217,499961	293,664728	1807,780569	4,150000	2,123157	-3558,768053
25.06.2021	10:25:47	20 Zyklen	10,036632	997,000000	68,096672	217,499961	69,704564	217,499961	290,144375	905,340861	4,150000	2,121879	-3560,395371
25.06.2021	10:25:50	20 Zyklen	10,044314	1497,000000	102,852528	217,499961	104,460420	217,499961	289,586334	602,955804	4,150000	2,123542	-3561,647155
25.06.2021	10:25:53	20 Zyklen	10,052899	1997,000000	137,379777	217,499961	138,987669	217,499961	288,832661	451,990405	4,150000	2,125229	-3559,018409
25.06.2021	10:25:56	20 Zyklen	12,044107	499,300000	30,068831	217,499961	31,676723	217,499961	263,285402	1807,780569	4,150000	2,546130	-3135,477404
25.06.2021	10:26:01	20 Zyklen	12,032941	998,000000	60,765690	217,499961	62,373581	217,499961	259,369101	904,433706	4,150000	2,544006	-3138,669452
25.06.2021	10:26:04	20 Zyklen	12,050965	1497,000000	91,875024	217,499961	93,482915	217,499961	259,154375	602,955804	4,150000	2,547695	-3138,168739
25.06.2021	10:26:07	20 Zyklen	12,044869	1997,000000	122,770953	217,499961	124,378845	217,499961	258,473815	451,990405	4,150000	2,546278	-3132,911247
25.06.2021	10:26:11	20 Zyklen	15,007846	499,300000	24,982081	217,499961	26,589973	217,499961	221,006185	1807,780569	4,150000	3,173384	-2500,948211
25.06.2021	10:26:15	20 Zyklen	15,042214	998,000000	51,175559	217,499961	52,783451	217,499961	219,490302	904,433706	4,150000	3,180193	-2494,251167
25.06.2021	10:26:18	20 Zyklen	15,041390	1497,000000	77,457006	217,499961	79,064898	217,499961	219,184588	602,955804	4,150000	3,179841	-2492,936794
25.06.2021	10:26:22	20 Zyklen	15,041048	1997,000000	103,504668	217,499961	105,112560	217,499961	218,436217	451,990405	4,150000	3,179825	-2495,690719
25.06.2021	10:26:25	20 Zyklen	20,027348	499,300000	19,890924	217,499961	21,498816	217,499961	178,690337	1807,780569	4,150000	4,233898	-1438,058475
25.06.2021	10:26:29	20 Zyklen	20,004923	997,000000	41,071109	217,499961	42,679001	217,499961	177,650808	905,340861	4,150000	4,229200	-1432,988750
25.06.2021	10:26:33	20 Zyklen	20,021034	1497,000000	62,231093	217,499961	63,838985	217,499961	176,975143	602,955804	4,150000	4,232636	-1436,243388
25.06.2021	10:26:36	20 Zyklen	20,022682	1997,000000	83,307741	217,499961	84,915633	217,499961	176,464636	451,990405	4,150000	4,233086	-1433,239106
25.06.2021	10:26:55	20 Zyklen	2,072411	499,300000	104,638042	217,499961	106,245934	217,499961	883,077557	1807,780569	4,150000	0,438160	-5254,934675
25.06.2021	10:27:00	20 Zyklen	2,070125	997,000000	190,582968	217,499961	192,190860	217,499961	799,992047	905,340861	4,150000	0,437651	-5261,631715
25.06.2021	10:27:03	20 Zyklen	2,071416	1497,000000	215,892069	217,499961	217,499961	217,499961	602,955804	602,955804	4,150000	0,437881	-5263,071266
25.06.2021	10:27:06	20 Zyklen	2,068057	1997,000000	215,892069	217,499961	217,499961	217,499961	451,990405	451,990405	4,150000	0,437230	-5262,570553
25.06.2021	10:27:09	20 Zyklen	3,046195	499,300000	77,070854	217,499961	78,678746	217,499961	653,949121	1807,780569	4,150000	0,643999	-5045,260962
25.06.2021	10:27:14	20 Zyklen	3,059616	997,000000	147,392925	217,499961	149,000817	217,499961	620,214031	905,340861	4,150000	0,646899	-5042,694806
25.06.2021	10:27:17	20 Zyklen	3,068604	1497,000000	215,892069	217,499961	217,499961	217,499961	602,955804	602,955804	4,150000	0,648740	-5041,943736
25.06.2021	10:27:20	20 Zyklen	3,065618	1997,000000	215,892069	217,499961	217,499961	217,499961	451,990405	451,990405	4,150000	0,648116	-5043,195520
25.06.2021	10:27:24	20 Zyklen	5,050837	499,300000	56,010941	217,499961	57,618833	217,499961	478,906779	1807,780569	4,150000	1,067813	-4618,778354
25.06.2021	10:27:28	20 Zyklen	5,058660	997,000000	109,090438	217,499961	110,698330	217,499961	460,780409	905,340861	4,150000	1,069500	-4616,712912
25.06.2021	10:27:31	20 Zyklen	5,058022	1497,000000	164,032117	217,499961	165,640009	217,499961	459,189070	602,955804	4,150000	1,069381	-4619,028711
25.06.2021	10:27:35	20 Zyklen	5,058100	1997,000000	215,892069	217,499961	217,499961	217,499961	451,990405	451,990405	4,150000	1,069384	-4617,213625
25.06.2021	10:27:38	20 Zyklen	6,057763	499,200000	48,972193	217,499961	50,580085	217,499961	420,487486	1808,142705	4,150000	1,280698	-4404,973738
25.06.2021	10:27:42	20 Zyklen	6,056255	997,000000	96,682045	217,499961	98,289937	217,499961	409,130631	905,340861	4,150000	1,280419	-4399,591069
25.06.2021	10:27:46	20 Zyklen	6,061324	1497,000000	145,577767	217,499961	147,185658	217,499961	408,029715	602,955804	4,150000	1,281481	-4401,906869
25.06.2021	10:27:49	20 Zyklen	6,057405	1997,000000	194,256417	217,499961	195,864309	217,499961	407,028984	451,990405	4,150000	1,280583	-4401,343566
25.06.2021	10:27:52	20 Zyklen	10,049306	499,300000	32,883584	217,499961	34,491476	217,499961	286,680607	1807,780569	4,150000	2,124440	-3559,456534
25.06.2021	10:27:57	20 Zyklen	10,043288	998,000000	66,478412	217,499961	68,086304	217,499961	283,124409	904,433706	4,150000	2,123210	-3562,085279
25.06.2021	10:28:00	20 Zyklen	10,049866	1497,000000	100,403610	217,499961	102,011502	217,499961	282,797417	602,955804	4,150000	2,124683	-3554,699756
25.06.2021	10:28:03	20 Zyklen	10,047145	1997,000000	134,091979	217,499961	135,699871	217,499961	282,000232	451,990405	4,150000	2,124006	-3562,523404
25.06.2021	10:28:06	20 Zyklen	12,043111	499,300000	29,107455	217,499961	30,715347	217,499961	255,294796	1807,780569	4,150000	2,546136	-3135,915528
25.06.2021	10:28:11	20 Zyklen	12,033874	997,000000	59,248172	217,499961	60,856064	217,499961	253,312603	905,340861	4,150000	2,544134	-3135,665171
25.06.2021	10:28:14	20 Zyklen	12,047108	1497,000000	89,429747	217,499961	91,037639	217,499961	252,375551	602,955804	4,150000	2,546810	-3138,857220
25.06.2021	10:28:17	20 Zyklen	12,043733	1997,000000	119,614375	217,499961	121,222267	217,499961	251,914076	451,990405	4,150000	2,546067	-3138,544274
25.06.2021	10:28:21	20 Zyklen	14,976230	499,300000	24,188974	217,499961	25,796866	217,499961	214,414164	1807,780569	4,150000	3,166421	-2509,648108
25.06.2021	10:28:25	20 Zyklen	15,042711	997,000000	49,511587	217,499961	51,119479	217,499961	212,784190	905,340861	4,150000	3,180292	-2493,562686
25.06.2021	10:28:28	20 Zyklen	15,037595	1497,000000	74,879453	217,499961	76,487345	217,499961	212,039065	602,955804	4,150000	3,179092	-2496,066254
25.06.2021	10:28:32	20 Zyklen	15,041654	1997,000000	100,155286	217,499961	101,763178	217,499961	211,475807	451,990405	4,150000	3,179999	-2495,502951
25.06.2021	10:28:35	20 Zyklen	20,018841	499,300000	19,269246	217,499961	20,877138	217,499961	173,523180	1807,780569	4,150000	4,232393	-1442,314541
25.06.2021	10:28:39	20 Zyklen	19,981720	997,000000	39,888228	217,499961	41,496120	217,499961	172,727080	905,340861	4,150000	4,224413	-1437,808118
25.06.2021	10:28:43	20 Zyklen	20,019090	1497,000000	60,460117	217,499961	62,068009	217,499961	172,065623	602,955804	4,150000	4,232429	-1435,241961
25.06.2021	10:28:46	20 Zyklen	20,036367	1997,000000	80,939233	217,499961	82,547125	217,499961	171,542598	451,990405	4,150000	4,235789	-1434,240534
25.06.2021	10:29:05	20 Zyklen	2,068881	499,300000	102,075204	217,499961	103,683096	217,499961	861,776182	1807,780569	4,150000	0,437740	-5250,490844
25.06.2021	10:29:10	20 Zyklen	2,066315	997,000000	184,321932	217,499961	185,929824	217,499961	773,930560	905,340861	4,150000	0,437049	-5251,867805
25.06.2021	10:29:13	20 Zyklen	2,072411	1497,000000	215,892069	217,499961	217,499961	217,499961	602,955804	602,955804	4,150000	0,438131	-5253,307356
25.06.2021	10:29:16	20 Zyklen	2,071214	1997,000000	215,892069	217,499961	217,499961	217,499961	451,990405	451,990405	4,150000	0,437878	-5252,806643
25.06.2021	10:29:19	20 Zyklen	3,025030	499,200000	74,757434	217,499961	76,365326	217,499961	634,847960	1808,142705	4,150000	0,639512	-5053,898268
25.06.2021	10:29:24	20 Zyklen	3,038186	997,000000	143,588205	217,499961	145,196097	217,499961	604,376934	905,340861	4,150000	0,642306	-5053,585322
25.06.2021	10:29:27	20 Zyklen	3,044858	1497,000000	215,746511	217,499961	217,354403	217,499961	602,552285	602,955804	4,150000	0,643740	-5053,585322
25.06.2021	10:29:30	20 Zyklen	3,051358	1997,000000	215,892069	217,499961	217,499961	217,499961	451,990405	451,990405	4,150000	0,645163	-5047,013459
25.06.2021	10:29:34	20 Zyklen	5,058784	499,200000	54,148126	217,499961	55,756018	217,499961	463,516578	1808,142705	4,150000	1,069470	-4621,907813
25.06.2021	10:29:38	20 Zyklen	5,055098	998,000000	106,236309	217,499961	107,844201	217,499961	448,450334	904,433706	4,150000	1,068737	-4616,712912
25.06.2021	10:29:41	20 Zyklen	5,053932	1497,000000	159,892358	217,499961	161,500249	217,499961	447,712782	602,955804	4,150000	1,068484	-4620,092727
25.06.2021	10:29:45	20 Zyklen	5,056405	1997,000000	213,115461	217,499961	214,723353	217,499961	446,220288	451,990405	4,150000	1,069003	-4621,657456
25.06.2021	10:29:48	20 Zyklen	6,057328	499,200000	46,214019	217,499961	47,821911	217,499961	397,557953	1808,142705	4,150000	1,280468	-4406,976592
25.06.2021	10:29:52	20 Zyklen	6,057157	997,000000	91,915016	217,499961	93,522908	217,499961	389,287932	905,340861	4,150000	1,280540	-4407,539895
25.06.2021	10:29:56	20 Zyklen	6,055508	1497,000000	138,487417	217,499961	140,095309	217,499961	388,373770	602,955804	4,150000	1,280172	-4403,972312
25.06.2021	10:29:59	20 Zyklen	6,058012	1997,000000	184,739219	217,499961	186,347111	217,499961	387,251131	451,990405	4,150000	1,280784	-4404,660793
25.06.2021	10:30:02	20 Zyklen	10,052028	499,200000	31,659200	217,499961	33,267092	217,499961	276,559356	1808,142705	4,150000	2,125041	-3556,014129
25.06.2021	10:30:07	20 Zyklen	10,049384	997,000000	63,969854	217,499961	65,577746	217,499961	272,966544	905,340861	4,150000	2,124519	-3551,445118
25.06.2021	10:30:10	20 Zyklen	10,043584	1497,000000	96,616291	217,499961	98,224183	217,499961	272,298169	602,955804	4,150000	2,123213	-3559,393944
25.06.2021	10:30:13	20 Zyklen	10,042277	1997,000000	129,086571	217,499961	130,694463	217,499961	271,598408	451,990405	4,150000	2,123000	-3555,826361
25.06.2021	10:30:16	20 Zyklen	12,045817	499,300000	27,672640	217,499961	29,280531	217,499961	243,369128	1807,780569	4,150000	2,546633	-3136,103296
25.06.2021	10:30:21	20 Zyklen	12,026363	997,000000	56,317501	217,499961	57,925393	217,499961	241,113720	905,340861	4,150000	2,542500	-3133,286782
25.06.2021	10:30:24	20 Zyklen	12,038804	1497,000000	85,103907	217,499961	86,711799	217,499961	240,383410	602,955804	4,150000	2,545107	-3137,855793
25.06.2021	10:30:27	20 Zyklen	12,049239	1997,000000	113,758824	217,499961	115,366716	217,499961	239,745554	451,990405	4,150000	2,547435	-3133,411961
25.06.2021	10:30:31	20 Zyklen	14,986805	499,300000	23,076199	217,499961	24,684091	217,499961	205,165184	1807,780569	4,150000	3,168903	-2502,450351
25.06.2021	10:30:35	20 Zyklen	15,042572	997,000000	47,343207	217,499961	48,951099	217,499961	203,758336	905,340861	4,150000	3,180088	-2490,996529
25.06.2021	10:30:38	20 Zyklen	15,044064	1497,000000	71,642527	217,499961	73,250419	217,499961	203,065623	602,955804	4,150000	3,180347	-2492,874205
25.06.2021	10:30:42	20 Zyklen	15,037362	1997,000000	95,895632	217,499961	97,503524	217,499961	202,623748	451,990405	4,150000	3,179092	-2498,507232
25.06.2021	10:30:45	20 Zyklen	20,036492	499,200000	18,265444	217,499961	19,873336	217,499961	165,213031	1808,142705	4,150000	4,235920	-1435,554907
25.06.2021	10:30:49	20 Zyklen	20,032029	997,000000	37,948012	217,499961	39,555904	217,499961	164,650954	905,340861	4,150000	4,235046	-1428,607506
25.06.2021	10:30:53	20 Zyklen	20,034284	1497,000000	57,582811	217,499961	59,190703	217,499961	164,089122	602,955804	4,150000	4,235480	-1432,550625
25.06.2021	10:30:56	20 Zyklen	20,035543	1997,000000	77,141681	217,499961	78,749572	217,499961	163,650839	451,990405	4,150000	4,235884	-1439,498027
25.06.2021	10:31:15	20 Zyklen	2,072784	499,300000	93,000087	217,499961	94,607979	217,499961	786,347108	1807,780569	4,150000	0,438210	-5255,748334
25.06.2021	10:31:20	20 Zyklen	2,068041	998,000000	165,862594	217,499961	167,470486	217,499961	696,395306	904,433706	4,150000	0,437181	-5256,812350
25.06.2021	10:31:23	20 Zyklen	2,071603	1497,000000	215,892069	217,499961	217,499961	217,499961	602,955804	602,955804	4,150000	0,437980	-5255,372799
25.06.2021	10:31:26	20 Zyklen	2,069736	1997,000000	215,892069	217,499961	217,499961	217,499961	451,990405	451,990405	4,150000	0,437539	-5254,934675
25.06.2021	10:31:29	20 Zyklen	3,036289	499,300000	68,993298	217,499961	70,601190	217,499961	586,811413	1807,780569	4,150000	0,641928	-5070,421808
25.06.2021	10:31:34	20 Zyklen	3,047330	997,000000	132,469694	217,499961	134,077586	217,499961	558,096272	905,340861	4,150000	0,644266	-5064,601015
25.06.2021	10:31:37	20 Zyklen	3,056148	1497,000000	198,567517	217,499961	200,175409	217,499961	554,928488	602,955804	4,150000	0,646110	-5065,915388
25.06.2021	10:31:40	20 Zyklen	3,063612	1997,000000	215,892069	217,499961	217,499961	217,499961	451,990405	451,990405	4,150000	0,647655	-5067,480117
25.06.2021	10:31:44	20 Zyklen	5,053948	499,200000	49,735132	217,499961	51,343024	217,499961	426,830028	1808,142705	4,150000	1,068411	-4621,281921
25.06.2021	10:31:48	20 Zyklen	5,053761	997,000000	97,273766	217,499961	98,881658	217,499961	411,593660	905,340861	4,150000	1,068408	-4625,976109
25.06.2021	10:31:51	20 Zyklen	5,058753	1497,000000	146,563258	217,499961	148,171150	217,499961	410,761706	602,955804	4,150000	1,069516	-4619,654603
25.06.2021	10:31:55	20 Zyklen	5,059079	1997,000000	195,516068	217,499961	197,123959	217,499961	409,646686	451,990405	4,150000	1,069569	-4616,399966
25.06.2021	10:31:58	20 Zyklen	6,043969	499,300000	44,006441	217,499961	45,614333	217,499961	379,129741	1807,780569	4,150000	1,277812	-4408,478732
25.06.2021	10:32:02	20 Zyklen	6,054140	997,000000	87,670209	217,499961	89,278101	217,499961	371,618975	905,340861	4,150000	1,279850	-4405,411863
25.06.2021	10:32:06	20 Zyklen	6,060702	1497,000000	132,090182	217,499961	133,698074	217,499961	370,639284	602,955804	4,150000	1,281221	-4404,660793
25.06.2021	10:32:09	20 Zyklen	6,056192	1997,000000	176,185304	217,499961	177,793196	217,499961	369,475094	451,990405	4,150000	1,280182	-4401,656512
25.06.2021	10:32:12	20 Zyklen	10,051934	499,300000	30,390739	217,499961	31,998631	217,499961	265,960985	1807,780569	4,150000	2,125107	-3555,513415
25.06.2021	10:32:17	20 Zyklen	10,052603	997,000000	61,869914	217,499961	63,477806	217,499961	264,225572	905,340861	4,150000	2,125281	-3551,945832
25.06.2021	10:32:20	20 Zyklen	10,043895	1497,000000	93,484873	217,499961	95,092765	217,499961	263,617219	602,955804	4,150000	2,123197	-3556,014129
25.06.2021	10:32:23	20 Zyklen	10,045341	1997,000000	125,004262	217,499961	126,612154	217,499961	263,114893	451,990405	4,150000	2,123700	-3556,389664
25.06.2021	10:32:26	20 Zyklen	12,047326	499,300000	26,936916	217,499961	28,544808	217,499961	237,254062	1807,780569	4,150000	2,546955	-3136,103296
25.06.2021	10:32:31	20 Zyklen	12,035165	997,000000	54,881880	217,499961	56,489772	217,499961	235,137968	905,340861	4,150000	2,544368	-3135,039279
25.06.2021	10:32:34	20 Zyklen	12,040141	1497,000000	82,934370	217,499961	84,542261	217,499961	234,368995	602,955804	4,150000	2,545426	-3139,983825
25.06.2021	10:32:37	20 Zyklen	12,051182	1997,000000	110,873521	217,499961	112,481413	217,499961	233,749557	451,990405	4,150000	2,547790	-3136,103296
25.06.2021	10:32:41	20 Zyklen	14,983321	499,200000	22,395291	217,499961	24,003183	217,499961	199,545695	1808,142705	4,150000	3,168236	-2508,333735
25.06.2021	10:32:45	20 Zyklen	15,044189	997,000000	46,009383	217,499961	47,617275	217,499961	198,206309	905,340861	4,150000	3,180410	-2492,561259
25.06.2021	10:32:48	20 Zyklen	15,038171	1497,000000	69,739443	217,499961	71,347335	217,499961	197,789874	602,955804	4,150000	3,179217	-2496,003664
25.06.2021	10:32:52	20 Zyklen	15,042851	1997,000000	93,402319	217,499961	95,010211	217,499961	197,442350	451,990405	4,150000	3,180285	-2497,380627
25.06.2021	10:32:55	20 Zyklen	20,039213	499,200000	17,770066	217,499961	19,377958	217,499961	161,094800	1808,142705	4,150000	4,236535	-1435,554907
25.06.2021	10:32:59	20 Zyklen	20,037098	997,000000	36,881681	217,499961	38,489573	217,499961	160,212364	905,340861	4,150000	4,236059	-1432,237679
25.06.2021	10:33:03	20 Zyklen	20,040255	1497,000000	55,949998	217,499961	57,557889	217,499961	159,562619	602,955804	4,150000	4,236696	-1434,177945
25.06.2021	10:33:06	20 Zyklen	20,037098	1997,000000	74,947973	217,499961	76,555865	217,499961	159,092058	451,990405	4,150000	4,235950	-1436,431156
25.06.2021	10:33:25	20 Zyklen	2,071214	499,300000	97,526636	217,499961	99,134528	217,499961	823,970137	1807,780569	4,150000	0,437943	-5253,432535
25.06.2021	10:33:30	20 Zyklen	2,069939	998,000000	175,881484	217,499961	177,489376	217,499961	738,057024	904,433706	4,150000	0,437575	-5254,308783
25.06.2021	10:33:33	20 Zyklen	2,073049	1497,000000	215,892069	217,499961	217,499961	217,499961	602,955804	602,955804	4,150000	0,438266	-5250,928968
25.06.2021	10:33:36	20 Zyklen	2,069099	1997,000000	215,892069	217,499961	217,499961	217,499961	451,990405	451,990405	4,150000	0,437430	-5255,122442
25.06.2021	10:33:39	20 Zyklen	3,043085	499,300000	71,639167	217,499961	73,247058	217,499961	608,802909	1807,780569	4,150000	0,643316	-5047,639351
25.06.2021	10:33:44	20 Zyklen	3,051669	997,000000	138,113372	217,499961	139,721264	217,499961	581,588009	905,340861	4,150000	0,645144	-5049,829972
25.06.2021	10:33:47	20 Zyklen	3,061280	1497,000000	207,348321	217,499961	208,956213	217,499961	579,270730	602,955804	4,150000	0,647129	-5046,199800
25.06.2021	10:33:50	20 Zyklen	3,065556	1997,000000	215,892069	217,499961	217,499961	217,499961	451,990405	451,990405	4,150000	0,648056	-5046,012032
25.06.2021	10:33:54	20 Zyklen	5,057151	499,300000	53,389930	217,499961	54,997822	217,499961	457,121890	1807,780569	4,150000	1,069171	-4620,155316
25.06.2021	10:33:58	20 Zyklen	5,053839	997,000000	105,091866	217,499961	106,699757	217,499961	444,136403	905,340861	4,150000	1,068454	-4612,331670
25.06.2021	10:34:01	20 Zyklen	5,058660	1497,000000	158,010762	217,499961	159,618654	217,499961	442,496602	602,955804	4,150000	1,069470	-4622,158170
25.06.2021	10:34:05	20 Zyklen	5,056109	1997,000000	210,546360	217,499961	212,154252	217,499961	440,881394	451,990405	4,150000	1,068967	-4619,842370
25.06.2021	10:34:08	20 Zyklen	6,060609	499,200000	45,225757	217,499961	46,833649	217,499961	389,342236	1808,142705	4,150000	1,281273	-4403,283831
25.06.2021	10:34:12	20 Zyklen	6,056690	997,000000	90,115154	217,499961	91,723046	217,499961	381,796028	905,340861	4,150000	1,280461	-4400,655085
25.06.2021	10:34:16	20 Zyklen	6,058214	1497,000000	135,684023	217,499961	137,291915	217,499961	380,602169	602,955804	4,150000	1,280793	-4403,721955
25.06.2021	10:34:19	20 Zyklen	6,056954	1997,000000	180,944571	217,499961	182,552462	217,499961	379,365408	451,990405	4,150000	1,280504	-4402,657939
25.06.2021	10:34:22	20 Zyklen	10,050893	499,300000	30,251132	217,499961	31,859024	217,499961	264,800616	1807,780569	4,150000	2,125012	-3561,772333
25.06.2021	10:34:27	20 Zyklen	10,046538	997,000000	61,244670	217,499961	62,852562	217,499961	261,623001	905,340861	4,150000	2,123927	-3558,204750
25.06.2021	10:34:30	20 Zyklen	10,044688	1497,000000	92,609714	217,499961	94,217606	217,499961	261,191092	602,955804	4,150000	2,123536	-3559,706890
25.06.2021	10:34:33	20 Zyklen	10,050131	1997,000000	123,613649	217,499961	125,221541	217,499961	260,225035	451,990405	4,150000	2,124673	-3556,389664
25.06.2021	10:34:36	20 Zyklen	12,037295	499,200000	26,207584	217,499961	27,815475	217,499961	231,238428	1808,142705	4,150000	2,544871	-3135,227047
25.06.2021	10:34:41	20 Zyklen	12,030717	997,000000	53,571309	217,499961	55,179201	217,499961	229,682733	905,340861	4,150000	2,543315	-3130,783215
25.06.2021	10:34:44	20 Zyklen	12,024170	1497,000000	81,063756	217,499961	82,671648	217,499961	229,183259	602,955804	4,150000	2,542092	-3139,420522
25.06.2021	10:34:47	20 Zyklen	12,030344	1997,000000	108,355937	217,499961	109,963829	217,499961	228,517721	451,990405	4,150000	2,543454	-3138,669452
25.06.2021	10:34:51	20 Zyklen	14,976914	499,200000	21,993335	217,499961	23,601227	217,499961	196,204114	1808,142705	4,150000	3,166325	-2506,143114
25.06.2021	10:34:55	20 Zyklen	15,016803	997,000000	45,282352	217,499961	46,890244	217,499961	195,180051	905,340861	4,150000	3,174670	-2496,692146
25.06.2021	10:34:58	20 Zyklen	15,023366	1497,000000	68,551409	217,499961	70,159301	217,499961	194,496392	602,955804	4,150000	3,176126	-2495,002237
25.06.2021	10:35:02	20 Zyklen	15,039617	1997,000000	91,742791	217,499961	93,350683	217,499961	193,993658	451,990405	4,150000	3,179572	-2492,310902
25.06.2021	10:35:05	20 Zyklen	20,039929	499,200000	17,497769	217,499961	19,105661	217,499961	158,831116	1808,142705	4,150000	4,236657	-1434,490891
25.06.2021	10:35:09	20 Zyklen	20,016213	997,000000	36,368116	217,499961	37,976008	217,499961	158,074656	905,340861	4,150000	4,231696	-1430,798128
25.06.2021	10:35:13	20 Zyklen	20,021236	1497,000000	55,184948	217,499961	56,792840	217,499961	157,441741	602,955804	4,150000	4,232814	-1434,115355
25.06.2021	10:35:16	20 Zyklen	20,022091	1997,000000	73,970174	217,499961	75,578066	217,499961	157,060078	451,990405	4,150000	4,232906	-1432,926161
25.06.2021	10:35:35	20 Zyklen	2,072100	499,300000	96,855523	217,499961	98,463414	217,499961	818,392089	1807,780569	4,150000	0,438065	-5253,745480
25.06.2021	10:35:40	20 Zyklen	2,070561	997,000000	174,143432	217,499961	175,751324	217,499961	731,562684	905,340861	4,150000	0,437789	-5259,628862
25.06.2021	10:35:43	20 Zyklen	2,071183	1497,000000	215,892069	217,499961	217,499961	217,499961	602,955804	602,955804	4,150000	0,437855	-5259,441095
25.06.2021	10:35:46	20 Zyklen	2,070405	1997,000000	215,892069	217,499961	217,499961	217,499961	451,990405	451,990405	4,150000	0,437667	-5256,687171
25.06.2021	10:35:49	20 Zyklen	3,048092	499,300000	71,706106	217,499961	73,313997	217,499961	609,359282	1807,780569	4,150000	0,644430	-5050,393274
25.06.2021	10:35:54	20 Zyklen	3,061855	997,000000	138,518714	217,499961	140,126606	217,499961	583,275241	905,340861	4,150000	0,647277	-5045,135784
25.06.2021	10:35:57	20 Zyklen	3,067951	1497,000000	208,264427	217,499961	209,872318	217,499961	581,810368	602,955804	4,150000	0,648573	-5043,195520
25.06.2021	10:36:00	20 Zyklen	3,067220	1997,000000	215,892069	217,499961	217,499961	217,499961	451,990405	451,990405	4,150000	0,648438	-5044,196946
25.06.2021	10:36:04	20 Zyklen	5,051117	499,200000	54,335963	217,499961	55,943855	217,499961	465,078118	1808,142705	4,150000	1,067862	-4626,727179
25.06.2021	10:36:08	20 Zyklen	5,053326	997,000000	105,822412	217,499961	107,430304	217,499961	447,177292	905,340861	4,150000	1,068300	-4617,964695
25.06.2021	10:36:11	20 Zyklen	5,050962	1497,000000	159,158221	217,499961	160,766112	217,499961	445,677600	602,955804	4,150000	1,067816	-4620,155316
25.06.2021	10:36:15	20 Zyklen	5,054352	1997,000000	212,147031	217,499961	213,754923	217,499961	444,207777	451,990405	4,150000	1,068543	-4625,788342
25.06.2021	10:36:18	20 Zyklen	6,060282	499,200000	45,590558	217,499961	47,198449	217,499961	392,374930	1808,142705	4,150000	1,281135	-4401,719101
25.06.2021	10:36:22	20 Zyklen	6,056877	997,000000	90,491229	217,499961	92,099120	217,499961	383,361434	905,340861	4,150000	1,280501	-4398,839999
25.06.2021	10:36:26	20 Zyklen	6,061387	1497,000000	136,335192	217,499961	137,943083	217,499961	382,407346	602,955804	4,150000	1,281513	-4401,406155
25.06.2021	10:36:29	20 Zyklen	6,058836	1997,000000	181,699480	217,499961	183,307371	217,499961	380,934197	451,990405	4,150000	1,280902	-4398,965178
25.06.2021	10:36:32	20 Zyklen	10,050675	499,300000	31,078434	217,499961	32,686326	217,499961	271,676854	1807,780569	4,150000	2,124920	-3563,211885
25.06.2021	10:36:37	20 Zyklen	10,035342	997,000000	62,802906	217,499961	64,410798	217,499961	268,109137	905,340861	4,150000	2,121573	-3554,511988
25.06.2021	10:36:40	20 Zyklen	10,040504	1497,000000	94,920918	217,499961	96,528810	217,499961	267,598238	602,955804	4,150000	2,122691	-3558,142161
25.06.2021	10:36:43	20 Zyklen	10,050410	1997,000000	126,757060	217,499961	128,364951	217,499961	266,757410	451,990405	4,150000	2,124755	-3554,386810
25.06.2021	10:36:46	20 Zyklen	12,044169	499,200000	26,794014	217,499961	28,401906	217,499961	236,113604	1808,142705	4,150000	2,546261	-3136,916955
25.06.2021	10:36:51	20 Zyklen	12,026783	998,000000	54,653064	217,499961	56,260956	217,499961	233,950868	904,433706	4,150000	2,542569	-3133,099015
25.06.2021	10:36:54	20 Zyklen	12,028556	1497,000000	82,597630	217,499961	84,205522	217,499961	233,435482	602,955804	4,150000	2,542993	-3132,097588
25.06.2021	10:36:57	20 Zyklen	12,035274	1997,000000	110,421475	217,499961	112,029367	217,499961	232,810151	451,990405	4,150000	2,544364	-3136,854366
25.06.2021	10:37:01	20 Zyklen	14,975499	499,300000	22,236841	217,499961	23,844733	217,499961	198,188750	1807,780569	4,150000	3,166138	-2508,208557
25.06.2021	10:37:05	20 Zyklen	15,031359	997,000000	45,723380	217,499961	47,331272	217,499961	197,015826	905,340861	4,150000	3,177859	-2494,188578
25.06.2021	10:37:08	20 Zyklen	15,041498	1497,000000	69,211311	217,499961	70,819203	217,499961	196,325779	602,955804	4,150000	3,180002	-2493,875632
25.06.2021	10:37:12	20 Zyklen	15,043800	1997,000000	92,532035	217,499961	94,139927	217,499961	195,633799	451,990405	4,150000	3,180436	-2498,069108
25.06.2021	10:37:15	20 Zyklen	20,040442	499,300000	17,605159	217,499961	19,213051	217,499961	159,691893	1807,780569	4,150000	4,236677	-1435,304550
25.06.2021	10:37:19	20 Zyklen	20,035621	997,000000	36,632837	217,499961	38,240729	217,499961	159,176556	905,340861	4,150000	4,235740	-1430,923306
25.06.2021	10:37:23	20 Zyklen	20,030909	1497,000000	55,619324	217,499961	57,227216	217,499961	158,645922	602,955804	4,150000	4,234835	-1430,923306
25.06.2021	10:37:26	20 Zyklen	20,029991	1997,000000	74,530592	217,499961	76,138484	217,499961	158,224691	451,990405	4,150000	4,234467	-1434,803837
25.06.2021	10:37:45	20 Zyklen	2,068586	499,200000	94,947734	217,499961	96,555626	217,499961	802,696007	1808,142705	4,150000	0,437707	-5250,741200
25.06.2021	10:37:50	20 Zyklen	2,068850	997,000000	170,615022	217,499961	172,222914	217,499961	716,875721	905,340861	4,150000	0,437381	-5254,308783
25.06.2021	10:37:53	20 Zyklen	2,072878	1497,000000	215,892069	217,499961	217,499961	217,499961	602,955804	602,955804	4,150000	0,438200	-5252,681465
25.06.2021	10:37:56	20 Zyklen	2,069037	1997,000000	215,892069	217,499961	217,499961	217,499961	451,990405	451,990405	4,150000	0,437421	-5253,369945
25.06.2021	10:37:59	20 Zyklen	3,034392	499,300000	70,687723	217,499961	72,295615	217,499961	600,894860	1807,780569	4,150000	0,641530	-5047,514172
25.06.2021	10:38:04	20 Zyklen	3,048155	997,000000	136,336312	217,499961	137,944204	217,499961	574,191018	905,340861	4,150000	0,644453	-5052,521306
25.06.2021	10:38:07	20 Zyklen	3,056739	1497,000000	204,903774	217,499961	206,511666	217,499961	572,493931	602,955804	4,150000	0,646179	-5044,635071
25.06.2021	10:38:10	20 Zyklen	3,065058	1997,000000	215,892069	217,499961	217,499961	217,499961	451,990405	451,990405	4,150000	0,647948	-5041,130077
25.06.2021	10:38:14	20 Zyklen	5,059437	499,200000	52,084564	217,499961	53,692456	217,499961	446,361564	1808,142705	4,150000	1,069657	-4624,536558
25.06.2021	10:38:18	20 Zyklen	5,060619	997,000000	102,251449	217,499961	103,859341	217,499961	432,313205	905,340861	4,150000	1,069802	-4620,155316
25.06.2021	10:38:21	20 Zyklen	5,052704	1497,000000	153,931183	217,499961	155,539075	217,499961	431,187147	602,955804	4,150000	1,068191	-4620,530851
25.06.2021	10:38:25	20 Zyklen	5,054492	1997,000000	205,092227	217,499961	206,700119	217,499961	429,547067	451,990405	4,150000	1,068638	-4619,341657
25.06.2021	10:38:28	20 Zyklen	6,060842	499,300000	44,274655	217,499961	45,882547	217,499961	381,359039	1807,780569	4,150000	1,281333	-4398,589643
25.06.2021	10:38:32	20 Zyklen	6,058665	997,000000	88,226282	217,499961	89,834174	217,499961	373,933623	905,340861	4,150000	1,280859	-4398,527053
25.06.2021	10:38:36	20 Zyklen	6,056815	1497,000000	132,904421	217,499961	134,512313	217,499961	372,896524	602,955804	4,150000	1,280478	-4401,406156
25.06.2021	10:38:39	20 Zyklen	6,054109	1997,000000	177,292525	217,499961	178,900351	217,499961	371,775892	451,990405	4,150000	1,279912	-4403,784544
25.06.2021	10:38:42	20 Zyklen	10,051297	499,300000	30,211733	217,499961	31,819625	217,499961	264,473150	1807,780569	4,150000	2,124956	-3555,075291
25.06.2021	10:38:47	20 Zyklen	10,040131	997,000000	61,231493	217,499961	62,839385	217,499961	261,568152	905,340861	4,150000	2,122631	-3554,261632
25.06.2021	10:38:50	20 Zyklen	10,042231	1497,000000	92,482687	217,499961	94,090579	217,499961	260,838945	602,955804	4,150000	2,123052	-3559,832069
25.06.2021	10:38:53	20 Zyklen	10,048715	1997,000000	123,589403	217,499961	125,197294	217,499961	260,174648	451,990405	4,150000	2,124430	-3558,455107
25.06.2021	10:38:56	20 Zyklen	12,049783	499,200000	26,177804	217,499961	27,785696	217,499961	230,990862	1808,142705	4,150000	2,547474	-3135,164458
25.06.2021	10:39:01	20 Zyklen	12,045304	997,000000	53,440397	217,499961	55,048289	217,499961	229,137813	905,340861	4,150000	2,546547	-3127,465988
25.06.2021	10:39:04	20 Zyklen	12,046144	1497,000000	80,888897	217,499961	82,496789	217,499961	228,698512	602,955804	4,150000	2,546692	-3135,039279
25.06.2021	10:39:07	20 Zyklen	12,045444	1997,000000	108,211975	217,499961	109,819867	217,499961	228,218552	451,990405	4,150000	2,546662	-3133,975263
25.06.2021	10:39:11	20 Zyklen	14,965049	499,300000	21,993072	217,499961	23,600964	217,499961	196,162628	1807,780569	4,150000	3,163827	-2507,833022
25.06.2021	10:39:15	20 Zyklen	15,037486	997,000000	45,234388	217,499961	46,842280	217,499961	194,980403	905,340861	4,150000	3,179259	-2492,373491
25.06.2021	10:39:18	20 Zyklen	15,043520	1497,000000	68,518335	217,499961	70,126227	217,499961	194,404703	602,955804	4,150000	3,180394	-2494,063400
25.06.2021	10:39:22	20 Zyklen	15,043023	1997,000000	91,705566	217,499961	93,313458	217,499961	193,916299	451,990405	4,150000	3,180219	-2498,820178
25.06.2021	10:39:25	20 Zyklen	20,040162	499,200000	17,321926	217,499961	18,929818	217,499961	157,369278	1808,142705	4,150000	4,236634	-1432,488036
25.06.2021	10:39:29	20 Zyklen	20,032962	997,000000	36,027430	217,499961	37,635322	217,499961	156,656556	905,340861	4,150000	4,235319	-1428,294560
25.06.2021	10:39:33	20 Zyklen	20,038731	1497,000000	54,662420	217,499961	56,270311	217,499961	155,993181	602,955804	4,150000	4,236463	-1431,048484
25.06.2021	10:39:36	20 Zyklen	20,030100	1997,000000	73,274825	217,499961	74,882717	217,499961	155,615060	451,990405	4,150000	4,234487	-1431,736966
25.06.2021	10:39:55	20 Zyklen	2,072722	499,200000	96,035442	217,499961	97,641818	217,499961	811,725855	1808,142705	4,150000	0,438196	-5250,365665
25.06.2021	10:40:00	20 Zyklen	2,071089	997,000000	171,889861	217,499961	173,497753	217,499961	722,182220	905,340861	4,150000	0,437864	-5254,433961
25.06.2021	10:40:03	20 Zyklen	2,071043	1497,000000	215,892069	217,499961	217,499961	217,499961	602,955804	602,955804	4,150000	0,437868	-5255,310210
25.06.2021	10:40:06	20 Zyklen	2,069799	1997,000000	215,892069	217,499961	217,499961	217,499961	451,990405	451,990405	4,150000	0,437615	-5255,623155
25.06.2021	10:40:09	20 Zyklen	3,044376	499,200000	70,441907	217,499961	72,049799	217,499961	598,971687	1808,142705	4,150000	0,643602	-5070,734754
25.06.2021	10:40:14	20 Zyklen	3,057314	997,000000	135,458028	217,499961	137,065920	217,499961	570,535173	905,340861	4,150000	0,646353	-5063,036286
25.06.2021	10:40:17	20 Zyklen	3,066816	1497,000000	203,199469	217,499961	204,807360	217,499961	567,769236	602,955804	4,150000	0,648369	-5063,224054
25.06.2021	10:40:20	20 Zyklen	3,069195	1997,000000	215,892069	217,499961	217,499961	217,499961	451,990405	451,990405	4,150000	0,648885	-5061,596735
25.06.2021	10:40:24	20 Zyklen	5,053668	499,300000	49,616343	217,499961	51,224235	217,499961	425,757210	1807,780569	4,150000	1,068434	-4625,850931
25.06.2021	10:40:28	20 Zyklen	5,055767	997,000000	97,461606	217,499961	99,069498	217,499961	412,375544	905,340861	4,150000	1,068839	-4623,472542
25.06.2021	10:40:31	20 Zyklen	5,059079	1497,000000	146,765799	217,499961	148,373691	217,499961	411,323191	602,955804	4,150000	1,069470	-4622,533705
25.06.2021	10:40:35	20 Zyklen	5,056607	1997,000000	195,762041	217,499961	197,369933	217,499961	410,157848	451,990405	4,150000	1,069052	-4622,158170
25.06.2021	10:40:38	20 Zyklen	6,058027	499,200000	43,770246	217,499961	45,378138	217,499961	377,242134	1808,142705	4,150000	1,280807	-4404,285258
25.06.2021	10:40:42	20 Zyklen	6,058432	997,000000	86,996465	217,499961	88,604356	217,499961	368,814523	905,340861	4,150000	1,280849	-4400,529907
25.06.2021	10:40:46	20 Zyklen	6,058230	1497,000000	131,088495	217,499961	132,696386	217,499961	367,862394	602,955804	4,150000	1,280836	-4402,845706
25.06.2021	10:40:49	20 Zyklen	6,056239	1997,000000	174,939122	217,499961	176,547014	217,499961	366,885382	451,990405	4,150000	1,280340	-4401,343566
25.06.2021	10:40:52	20 Zyklen	10,053676	499,300000	29,418163	217,499961	31,026055	217,499961	257,877286	1807,780569	4,150000	2,125390	-3556,139307
25.06.2021	10:40:57	20 Zyklen	10,050084	997,000000	59,797253	217,499961	61,405145	217,499961	255,598147	905,340861	4,150000	2,124732	-3555,012702
25.06.2021	10:41:00	20 Zyklen	10,040815	1497,000000	90,388776	217,499961	91,996668	217,499961	255,034184	602,955804	4,150000	2,122727	-3555,075291
25.06.2021	10:41:03	20 Zyklen	10,038327	1997,000000	120,906615	217,499961	122,514507	217,499961	254,599502	451,990405	4,150000	2,122250	-3563,337063
25.06.2021	10:41:06	20 Zyklen	12,046362	499,300000	25,489913	217,499961	27,097804	217,499961	225,227095	1807,780569	4,150000	2,546718	-3137,417668
25.06.2021	10:41:11	20 Zyklen	12,042272	997,000000	52,109337	217,499961	53,717229	217,499961	223,597291	905,340861	4,150000	2,545877	-3134,538566
25.06.2021	10:41:14	20 Zyklen	12,043065	1497,000000	78,780638	217,499961	80,388530	217,499961	222,853974	602,955804	4,150000	2,546100	-3128,717772
25.06.2021	10:41:17	20 Zyklen	12,047186	1997,000000	105,314561	217,499961	106,922453	217,499961	222,197386	451,990405	4,150000	2,546833	-3134,851512
25.06.2021	10:41:21	20 Zyklen	14,971891	499,300000	21,271778	217,499961	22,879670	217,499961	190,167496	1807,780569	4,150000	3,165227	-2512,527211
25.06.2021	10:41:25	20 Zyklen	15,035091	997,000000	43,793306	217,499961	45,401198	217,499961	188,981916	905,340861	4,150000	3,178598	-2492,561259
25.06.2021	10:41:28	20 Zyklen	15,042229	1497,000000	66,363575	217,499961	67,971467	217,499961	188,431254	602,955804	4,150000	3,180091	-2495,628129
25.06.2021	10:41:32	20 Zyklen	15,043147	1997,000000	88,784069	217,499961	90,391961	217,499961	187,845086	451,990405	4,150000	3,180196	-2497,756162
25.06.2021	10:41:35	20 Zyklen	20,018359	499,200000	16,774697	217,499961	18,382589	217,499961	152,820001	1808,142705	4,150000	4,232159	-1445,131055
25.06.2021	10:41:39	20 Zyklen	20,019448	997,000000	34,968610	217,499961	36,576502	217,499961	152,249232	905,340861	4,150000	4,232468	-1436,618923
25.06.2021	10:41:43	20 Zyklen	20,032728	1497,000000	53,113611	217,499961	54,721503	217,499961	151,699557	602,955804	4,150000	4,235197	-1438,183653
25.06.2021	10:41:46	20 Zyklen	20,031811	1997,000000	71,252291	217,499961	72,860183	217,499961	151,411997	451,990405	4,150000	4,234924	-1437,307405
25.06.2021	10:42:05	20 Zyklen	2,070825	499,200000	96,337462	217,499961	97,945354	217,499961	814,249240	1808,142705	4,150000	0,437795	-5250,866379
25.06.2021	10:42:10	20 Zyklen	2,067964	997,000000	172,184191	217,499961	173,792083	217,499961	723,407368	905,340861	4,150000	0,437190	-5254,621729
25.06.2021	10:42:13	20 Zyklen	2,073344	1497,000000	215,892069	217,499961	217,499961	217,499961	602,955804	602,955804	4,150000	0,438312	-5258,627435
25.06.2021	10:42:16	20 Zyklen	2,068617	1997,000000	215,892069	217,499961	217,499961	217,499961	451,990405	451,990405	4,150000	0,437286	-5253,682891
25.06.2021	10:42:19	20 Zyklen	3,033645	499,200000	73,772256	217,499961	75,380148	217,499961	626,657881	1808,142705	4,150000	0,641340	-5074,615282
25.06.2021	10:42:24	20 Zyklen	3,046320	997,000000	141,705979	217,499961	143,313871	217,499961	596,542192	905,340861	4,150000	0,644042	-5064,100302
25.06.2021	10:42:27	20 Zyklen	3,055370	1497,000000	212,526377	217,499961	214,134269	217,499961	593,625395	602,955804	4,150000	0,645942	-5063,286643
25.06.2021	10:42:30	20 Zyklen	3,059460	1997,000000	215,892069	217,499961	217,499961	217,499961	451,990405	451,990405	4,150000	0,646820	-5058,279509
25.06.2021	10:42:34	20 Zyklen	5,058193	499,200000	49,839954	217,499961	51,447846	217,499961	427,701443	1808,142705	4,150000	1,069384	-4625,350217
25.06.2021	10:42:38	20 Zyklen	5,056482	997,000000	97,891116	217,499961	99,499008	217,499961	414,163374	905,340861	4,150000	1,069112	-4619,028711
25.06.2021	10:42:41	20 Zyklen	5,059142	1497,000000	147,469553	217,499961	149,077445	217,499961	413,274146	602,955804	4,150000	1,069578	-4624,411380
25.06.2021	10:42:45	20 Zyklen	5,053885	1997,000000	196,631483	217,499961	198,239375	217,499961	411,964649	451,990405	4,150000	1,068434	-4620,405673
25.06.2021	10:42:48	20 Zyklen	6,056566	499,200000	44,144863	217,499961	45,752755	217,499961	380,356436	1808,142705	4,150000	1,280488	-4401,030620
25.06.2021	10:42:52	20 Zyklen	6,057203	997,000000	87,616512	217,499961	89,224404	217,499961	371,395464	905,340861	4,150000	1,280560	-4400,404729
25.06.2021	10:42:56	20 Zyklen	6,058618	1497,000000	132,016981	217,499961	133,624873	217,499961	370,436355	602,955804	4,150000	1,280935	-4403,471598
25.06.2021	10:42:59	20 Zyklen	6,056846	1997,000000	176,110123	217,499961	177,718015	217,499961	369,318859	451,990405	4,150000	1,280504	-4401,030620
25.06.2021	10:43:02	20 Zyklen	10,053054	499,200000	29,586826	217,499961	31,194718	217,499961	259,331085	1808,142705	4,150000	2,125275	-3553,510561
25.06.2021	10:43:07	20 Zyklen	10,042153	997,000000	60,199346	217,499961	61,807238	217,499961	257,271854	905,340861	4,150000	2,123079	-3555,137880
25.06.2021	10:43:10	20 Zyklen	10,044672	1497,000000	90,939185	217,499961	92,547076	217,499961	256,560031	602,955804	4,150000	2,123716	-3557,265912
25.06.2021	10:43:13	20 Zyklen	10,052479	1997,000000	121,612989	217,499961	123,220881	217,499961	256,067430	451,990405	4,150000	2,125271	-3555,888950
25.06.2021	10:43:16	20 Zyklen	12,051214	499,200000	25,818277	217,499961	27,426169	217,499961	228,002004	1808,142705	4,150000	2,547721	-3139,170166
25.06.2021	10:43:21	20 Zyklen	12,045817	997,000000	52,758297	217,499961	54,366189	217,499961	226,298579	905,340861	4,150000	2,546662	-3131,972409
25.06.2021	10:43:24	20 Zyklen	12,037451	1497,000000	79,798695	217,499961	81,406587	217,499961	225,676243	602,955804	4,150000	2,544969	-3134,037852
25.06.2021	10:43:27	20 Zyklen	12,036440	1997,000000	106,694284	217,499961	108,302176	217,499961	225,064612	451,990405	4,150000	2,544598	-3135,852939
25.06.2021	10:43:31	20 Zyklen	14,981969	499,200000	21,640726	217,499961	23,248618	217,499961	193,272768	1808,142705	4,150000	3,167420	-2505,892757
25.06.2021	10:43:35	20 Zyklen	15,033832	997,000000	44,566916	217,499961	46,174808	217,499961	192,202061	905,340861	4,150000	3,178365	-2494,564113
25.06.2021	10:43:38	20 Zyklen	15,041841	1497,000000	67,527560	217,499961	69,135452	217,499961	191,658066	602,955804	4,150000	3,179900	-2494,063400
25.06.2021	10:43:42	20 Zyklen	15,040892	1997,000000	90,375072	217,499961	91,982964	217,499961	191,151378	451,990405	4,150000	3,179854	-2490,308048
25.06.2021	10:43:45	20 Zyklen	20,040489	499,200000	17,052001	217,499961	18,659893	217,499961	155,125311	1808,142705	4,150000	4,236940	-1430,547771
25.06.2021	10:43:49	20 Zyklen	20,037876	997,000000	35,441064	217,499961	37,048956	217,499961	154,215813	905,340861	4,150000	4,236210	-1432,863571
25.06.2021	10:43:53	20 Zyklen	20,023071	1497,000000	53,782403	217,499961	55,390294	217,499961	153,553588	602,955804	4,150000	4,233080	-1434,616069
25.06.2021	10:43:56	20 Zyklen	20,015544	1997,000000	72,057601	217,499961	73,665493	217,499961	153,085527	451,990405	4,150000	4,231439	-1439,498027
25.06.2021	10:44:15	20 Zyklen	2,069907	499,200000	90,180973	217,499961	91,788865	217,499961	763,068492	1808,142705	4,150000	0,437539	-5260,192165
25.06.2021	10:44:20	20 Zyklen	2,070281	997,000000	163,041206	217,499961	164,649098	217,499961	685,349807	905,340861	4,150000	0,437670	-5256,123869
25.06.2021	10:44:23	20 Zyklen	2,070110	1497,000000	215,892069	217,499961	217,499961	217,499961	602,955804	602,955804	4,150000	0,437647	-5252,556286
25.06.2021	10:44:26	20 Zyklen	2,070219	1997,000000	215,892069	217,499961	217,499961	217,499961	451,990405	451,990405	4,150000	0,437677	-5254,496550
25.06.2021	10:44:29	20 Zyklen	3,051576	499,200000	66,136273	217,499961	67,744165	217,499961	563,177650	1808,142705	4,150000	0,645127	-5048,327832
25.06.2021	10:44:34	20 Zyklen	3,066567	997,000000	128,049636	217,499961	129,657528	217,499961	539,697835	905,340861	4,150000	0,648303	-5042,068915
25.06.2021	10:44:37	20 Zyklen	3,066520	1497,000000	192,480706	217,499961	194,088598	217,499961	538,054564	602,955804	4,150000	0,648313	-5044,572481
25.06.2021	10:44:40	20 Zyklen	3,066769	1997,000000	215,892069	217,499961	217,499961	217,499961	451,990405	451,990405	4,150000	0,648329	-5043,445876
25.06.2021	10:44:44	20 Zyklen	5,057524	499,200000	49,648626	217,499961	51,256518	217,499961	426,110878	1808,142705	4,150000	1,069069	-4618,152463
25.06.2021	10:44:48	20 Zyklen	5,054818	997,000000	97,895333	217,499961	99,503225	217,499961	414,180926	905,340861	4,150000	1,068641	-4621,281921
25.06.2021	10:44:51	20 Zyklen	5,059888	1497,000000	147,347066	217,499961	148,954958	217,499961	412,934587	602,955804	4,150000	1,069694	-4617,589160
25.06.2021	10:44:55	20 Zyklen	5,056964	1997,000000	196,437893	217,499961	198,045785	217,499961	411,562347	451,990405	4,150000	1,069085	-4617,589160
25.06.2021	10:44:58	20 Zyklen	6,057825	499,200000	41,712820	217,499961	43,320711	217,499961	360,138126	1808,142705	4,150000	1,280672	-4404,097490
25.06.2021	10:45:02	20 Zyklen	6,059069	997,000000	82,924816	217,499961	84,532708	217,499961	351,866338	905,340861	4,150000	1,280909	-4400,279550
25.06.2021	10:45:06	20 Zyklen	6,058681	1497,000000	125,006371	217,499961	126,614263	217,499961	351,001463	602,955804	4,150000	1,280876	-4402,032047
25.06.2021	10:45:09	20 Zyklen	6,054793	1997,000000	166,711845	217,499961	168,319737	217,499961	349,788136	451,990405	4,150000	1,280103	-4404,535614
25.06.2021	10:45:12	20 Zyklen	10,052432	499,200000	27,870620	217,499961	29,478512	217,499961	245,063752	1808,142705	4,150000	2,125160	-3560,896085
25.06.2021	10:45:17	20 Zyklen	10,048762	997,000000	56,613849	217,499961	58,221741	217,499961	242,347265	905,340861	4,150000	2,124436	-3557,829215
25.06.2021	10:45:20	20 Zyklen	10,040847	1497,000000	85,605821	217,499961	87,213713	217,499961	241,774823	602,955804	4,150000	2,122720	-3562,273047
25.06.2021	10:45:23	20 Zyklen	10,041173	1997,000000	114,521461	217,499961	116,129353	217,499961	241,330404	451,990405	4,150000	2,122769	-3559,268766
25.06.2021	10:45:26	20 Zyklen	12,048352	499,200000	24,142262	217,499961	25,750154	217,499961	214,068788	1808,142705	4,150000	2,547192	-3133,850085
25.06.2021	10:45:31	20 Zyklen	12,046626	997,000000	49,485497	217,499961	51,093389	217,499961	212,675591	905,340861	4,150000	2,546869	-3130,595447
25.06.2021	10:45:34	20 Zyklen	12,040001	1497,000000	74,902776	217,499961	76,510668	217,499961	212,103722	602,955804	4,150000	2,545390	-3134,350798
25.06.2021	10:45:37	20 Zyklen	12,034698	1997,000000	100,186911	217,499961	101,794803	217,499961	211,541528	451,990405	4,150000	2,544197	-3133,349371
25.06.2021	10:45:41	20 Zyklen	14,978019	499,200000	20,342688	217,499961	21,950579	217,499961	182,481780	1808,142705	4,150000	3,166477	-2504,077670
25.06.2021	10:45:45	20 Zyklen	15,041732	997,000000	41,937484	217,499961	43,545376	217,499961	181,257081	905,340861	4,150000	3,180032	-2491,872778
25.06.2021	10:45:48	20 Zyklen	15,041747	1497,000000	63,586866	217,499961	65,194758	217,499961	180,733632	602,955804	4,150000	3,179877	-2492,623848
25.06.2021	10:45:52	20 Zyklen	15,041981	1997,000000	85,162215	217,499961	86,770107	217,499961	180,318450	451,990405	4,150000	3,179969	-2491,997956
25.06.2021	10:45:55	20 Zyklen	20,040457	499,200000	15,941666	217,499961	17,549558	217,499961	145,894760	1808,142705	4,150000	4,236894	-1438,746956
25.06.2021	10:45:59	20 Zyklen	20,036507	997,000000	33,289627	217,499961	34,897518	217,499961	145,260483	905,340861	4,150000	4,235822	-1432,863571
25.06.2021	10:46:03	20 Zyklen	20,033708	1497,000000	50,600983	217,499961	52,208875	217,499961	144,734021	602,955804	4,150000	4,235352	-1434,991604
25.06.2021	10:46:06	20 Zyklen	20,034937	1997,000000	67,873125	217,499961	69,481017	217,499961	144,389696	451,990405	4,150000	4,235638	-1437,182226
25.06.2021	10:46:25	20 Zyklen	2,069223	499,200000	88,624296	217,499961	90,232188	217,499961	750,127366	1808,142705	4,150000	0,437786	-5252,556286
25.06.2021	10:46:30	20 Zyklen	2,069425	997,000000	163,502366	217,499961	165,110258	217,499961	687,269380	905,340861	4,150000	0,437569	-5257,500830
25.06.2021	10:46:33	20 Zyklen	2,071960	1497,000000	215,892069	217,499961	217,499961	217,499961	602,955804	602,955804	4,150000	0,438075	-5256,311636
25.06.2021	10:46:36	20 Zyklen	2,069223	1997,000000	215,892069	217,499961	217,499961	217,499961	451,990405	451,990405	4,150000	0,437463	-5255,497977
25.06.2021	10:46:39	20 Zyklen	3,031297	499,200000	66,890125	217,499961	68,498017	217,499961	569,444655	1808,142705	4,150000	0,640837	-5049,391847
25.06.2021	10:46:44	20 Zyklen	3,045962	997,000000	129,879131	217,499961	131,487022	217,499961	547,313082	905,340861	4,150000	0,644003	-5048,265242
25.06.2021	10:46:47	20 Zyklen	3,052462	1497,000000	195,088233	217,499961	196,696125	217,499961	545,283178	602,955804	4,150000	0,645334	-5045,135784
25.06.2021	10:46:50	20 Zyklen	3,058527	1997,000000	215,892069	217,499961	217,499961	217,499961	451,990405	451,990405	4,150000	0,646630	-5043,633644
25.06.2021	10:46:54	20 Zyklen	5,056109	499,200000	49,136574	217,499961	50,744466	217,499961	421,854035	1808,142705	4,150000	1,068954	-4617,463982
25.06.2021	10:46:58	20 Zyklen	5,051802	997,000000	96,875091	217,499961	98,482983	217,499961	409,934180	905,340861	4,150000	1,068060	-4620,843797
25.06.2021	10:47:01	20 Zyklen	5,059048	1497,000000	145,752305	217,499961	147,360197	217,499961	408,513571	602,955804	4,150000	1,069641	-4617,463982
25.06.2021	10:47:05	20 Zyklen	5,057649	1997,000000	194,221099	217,499961	195,828991	217,499961	406,955590	451,990405	4,150000	1,069214	-4620,718619
25.06.2021	10:47:08	20 Zyklen	6,049988	499,200000	41,862508	217,499961	43,470400	217,499961	361,382532	1808,142705	4,150000	1,279035	-4405,537041
25.06.2021	10:47:12	20 Zyklen	6,057888	997,000000	83,855973	217,499961	85,463865	217,499961	355,742266	905,340861	4,150000	1,280698	-4402,845707
25.06.2021	10:47:16	20 Zyklen	6,055913	1497,000000	126,334129	217,499961	127,942021	217,499961	354,682290	602,955804	4,150000	1,280192	-4403,784544
25.06.2021	10:47:19	20 Zyklen	6,059847	1997,000000	168,593984	217,499961	170,201876	217,499961	353,699441	451,990405	4,150000	1,281086	-4403,784544
25.06.2021	10:47:22	20 Zyklen	10,052868	499,200000	27,956401	217,499961	29,564293	217,499961	245,776872	1808,142705	4,150000	2,125235	-3558,580285
25.06.2021	10:47:27	20 Zyklen	10,051172	997,000000	57,023123	217,499961	58,631014	217,499961	244,050863	905,340861	4,150000	2,124883	-3556,577431
25.06.2021	10:47:30	20 Zyklen	10,043724	1497,000000	86,193321	217,499961	87,801213	217,499961	243,403497	602,955804	4,150000	2,123332	-3554,762345
25.06.2021	10:47:33	20 Zyklen	10,044019	1997,000000	115,196931	217,499961	116,804823	217,499961	242,734109	451,990405	4,150000	2,123417	-3555,638594
25.06.2021	10:47:36	20 Zyklen	12,046704	499,200000	24,232589	217,499961	25,840481	217,499961	214,819700	1808,142705	4,150000	2,546751	-3133,349371
25.06.2021	10:47:41	20 Zyklen	12,045320	997,000000	49,739217	217,499961	51,347109	217,499961	213,731697	905,340861	4,150000	2,546501	-3130,970982
25.06.2021	10:47:44	20 Zyklen	12,040919	1497,000000	75,282405	217,499961	76,890297	217,499961	213,156134	602,955804	4,150000	2,545482	-3131,784642
25.06.2021	10:47:47	20 Zyklen	12,039784	1997,000000	100,685931	217,499961	102,293823	217,499961	212,578551	451,990405	4,150000	2,545252	-3129,468842
25.06.2021	10:47:51	20 Zyklen	14,982466	499,200000	20,475772	217,499961	22,083664	217,499961	183,588155	1808,142705	4,150000	3,167371	-2496,629556
25.06.2021	10:47:55	20 Zyklen	15,040892	997,000000	42,279488	217,499961	43,887380	217,499961	182,680669	905,340861	4,150000	3,179700	-2487,241178
25.06.2021	10:47:58	20 Zyklen	15,043473	1497,000000	64,044830	217,499961	65,652722	217,499961	182,003205	602,955804	4,150000	3,180371	-2495,878486
25.06.2021	10:48:02	20 Zyklen	15,041530	1997,000000	85,682380	217,499961	87,290272	217,499961	181,399414	451,990405	4,150000	3,179966	-2493,312329
25.06.2021	10:48:05	20 Zyklen	20,037674	499,200000	16,154997	217,499961	17,762889	217,499961	147,668244	1808,142705	4,150000	4,236361	-1436,681513
25.06.2021	10:48:09	20 Zyklen	20,029883	997,000000	33,692045	217,499961	35,299937	217,499961	146,935545	905,340861	4,150000	4,234319	-1433,113928
25.06.2021	10:48:13	20 Zyklen	20,031391	1497,000000	51,161394	217,499961	52,769286	217,499961	146,287600	602,955804	4,150000	4,234826	-1435,742675
25.06.2021	10:48:16	20 Zyklen	20,035014	1997,000000	68,609453	217,499961	70,217345	217,499961	145,919871	451,990405	4,150000	4,235664	-1433,364285
25.06.2021	10:48:35	20 Zyklen	2,071867	499,200000	89,847197	217,499961	91,455089	217,499961	760,293710	1808,142705	4,150000	0,438016	-5255,623155
25.06.2021	10:48:40	20 Zyklen	2,068446	997,000000	163,907323	217,499961	165,515215	217,499961	688,955006	905,340861	4,150000	0,437335	-5254,246194
25.06.2021	10:48:43	20 Zyklen	2,072660	1497,000000	215,892069	217,499961	217,499961	217,499961	602,955804	602,955804	4,150000	0,438173	-5255,936101
25.06.2021	10:48:46	20 Zyklen	2,070141	1997,000000	215,892069	217,499961	217,499961	217,499961	451,990405	451,990405	4,150000	0,437638	-5261,318770
25.06.2021	10:48:49	20 Zyklen	3,032852	499,200000	66,094699	217,499961	67,702591	217,499961	562,832039	1808,142705	4,150000	0,641169	-5053,898268
25.06.2021	10:48:54	20 Zyklen	3,048357	997,000000	128,730450	217,499961	130,338342	217,499961	542,531714	905,340861	4,150000	0,644427	-5047,952297
25.06.2021	10:48:57	20 Zyklen	3,056334	1497,000000	193,319241	217,499961	194,927133	217,499961	540,379160	602,955804	4,150000	0,646166	-5045,824265
25.06.2021	10:49:00	20 Zyklen	3,065183	1997,000000	215,892069	217,499961	217,499961	217,499961	451,990405	451,990405	4,150000	0,648014	-5044,071768
25.06.2021	10:49:04	20 Zyklen	5,060495	499,200000	48,857752	217,499961	50,465644	217,499961	419,536105	1808,142705	4,150000	1,069841	-4622,095581
25.06.2021	10:49:08	20 Zyklen	5,059297	997,000000	96,845047	217,499961	98,452939	217,499961	409,809123	905,340861	4,150000	1,069631	-4619,279068
25.06.2021	10:49:11	20 Zyklen	5,055332	1497,000000	145,752700	217,499961	147,360592	217,499961	408,514667	602,955804	4,150000	1,068760	-4620,593440
25.06.2021	10:49:15	20 Zyklen	5,059390	1997,000000	194,233816	217,499961	195,841708	217,499961	406,982017	451,990405	4,150000	1,069565	-4620,656030
25.06.2021	10:49:18	20 Zyklen	6,059334	499,200000	41,400266	217,499961	43,008158	217,499961	357,539773	1808,142705	4,150000	1,281070	-4406,350700
25.06.2021	10:49:22	20 Zyklen	6,055617	997,000000	82,688090	217,499961	84,295982	217,499961	350,880970	905,340861	4,150000	1,280238	-4400,842853
25.06.2021	10:49:26	20 Zyklen	6,060236	1497,000000	124,502005	217,499961	126,109897	217,499961	349,603254	602,955804	4,150000	1,281224	-4403,221242
25.06.2021	10:49:29	20 Zyklen	6,056006	1997,000000	166,060065	217,499961	167,667957	217,499961	348,433661	451,990405	4,150000	1,280277	-4402,720528
25.06.2021	10:49:32	20 Zyklen	10,053863	499,200000	27,549569	217,499961	29,157461	217,499961	242,394755	1808,142705	4,150000	2,125502	-3556,827788
25.06.2021	10:49:37	20 Zyklen	10,048233	997,000000	56,139020	217,499961	57,746912	217,499961	240,370796	905,340861	4,150000	2,124318	-3561,897512
25.06.2021	10:49:40	20 Zyklen	10,047782	1497,000000	84,858616	217,499961	86,466508	217,499961	239,703411	602,955804	4,150000	2,124190	-3557,328501
25.06.2021	10:49:43	20 Zyklen	10,044765	1997,000000	113,322852	217,499961	114,930744	217,499961	238,839554	451,990405	4,150000	2,123526	-3561,897512
25.06.2021	10:49:46	20 Zyklen	12,045195	499,200000	23,758687	217,499961	25,366579	217,499961	210,880017	1808,142705	4,150000	2,546508	-3131,409107
25.06.2021	10:49:51	20 Zyklen	12,039379	997,000000	48,665832	217,499961	50,273724	217,499961	209,263744	905,340861	4,150000	2,545249	-3131,847231
25.06.2021	10:49:54	20 Zyklen	12,047093	1497,000000	73,646152	217,499961	75,254044	217,499961	208,620096	602,955804	4,150000	2,546869	-3133,224193
25.06.2021	10:49:57	20 Zyklen	12,046346	1997,000000	98,558211	217,499961	100,166103	217,499961	208,156898	451,990405	4,150000	2,546833	-3133,599728
25.06.2021	10:50:01	20 Zyklen	15,005124	499,200000	19,775957	217,499961	21,383849	217,499961	177,770378	1808,142705	4,150000	3,172332	-2501,574103
25.06.2021	10:50:05	20 Zyklen	15,041981	997,000000	40,916150	217,499961	42,524042	217,499961	177,005792	905,340861	4,150000	3,180038	-2495,064827
25.06.2021	10:50:08	20 Zyklen	15,044329	1497,000000	61,964195	217,499961	63,572087	217,499961	176,235245	602,955804	4,150000	3,180545	-2496,504378
25.06.2021	10:50:12	20 Zyklen	15,043645	1997,000000	82,998410	217,499961	84,606302	217,499961	175,821809	451,990405	4,150000	3,180387	-2495,815897
25.06.2021	10:50:15	20 Zyklen	20,029634	499,200000	15,555786	217,499961	17,163678	217,499961	142,686825	1808,142705	4,150000	4,234523	-1441,250524
25.06.2021	10:50:19	20 Zyklen	20,025202	997,000000	32,476159	217,499961	34,084051	217,499961	141,874434	905,340861	4,150000	4,233507	-1438,684367
25.06.2021	10:50:23	20 Zyklen	20,034050	1497,000000	49,404525	217,499961	51,012417	217,499961	141,417189	602,955804	4,150000	4,235408	-1434,866426
25.06.2021	10:50:26	20 Zyklen	20,037083	1997,000000	66,289652	217,499961	67,897544	217,499961	141,099053	451,990405	4,150000	4,236009	-1431,736966
25.06.2021	10:50:45	20 Zyklen	2,070172	499,200000	90,405380	217,499961	92,013272	217,499961	764,934048	1808,142705	4,150000	0,437766	-5253,244767
25.06.2021	10:50:50	20 Zyklen	2,068586	997,000000	163,267207	217,499961	164,875099	217,499961	686,290532	905,340861	4,150000	0,437322	-5254,746907
25.06.2021	10:50:53	20 Zyklen	2,070063	1497,000000	215,892069	217,499961	217,499961	217,499961	602,955804	602,955804	4,150000	0,437634	-5253,182178
25.06.2021	10:50:56	20 Zyklen	2,072007	1997,000000	215,892069	217,499961	217,499961	217,499961	451,990405	451,990405	4,150000	0,438065	-5257,125295
25.06.2021	10:50:59	20 Zyklen	3,032572	499,300000	69,240366	217,499961	70,848258	217,499961	588,864952	1807,780569	4,150000	0,641146	-5070,046273
25.06.2021	10:51:04	20 Zyklen	3,044485	997,000000	133,414456	217,499961	135,022348	217,499961	562,028832	905,340861	4,150000	0,643608	-5065,289496
25.06.2021	10:51:07	20 Zyklen	3,050456	1497,000000	200,232278	217,499961	201,840170	217,499961	559,543558	602,955804	4,150000	0,644917	-5062,472984
25.06.2021	10:51:10	20 Zyklen	3,058714	1997,000000	215,892069	217,499961	217,499961	217,499961	451,990405	451,990405	4,150000	0,646699	-5061,471557
25.06.2021	10:51:14	20 Zyklen	5,058084	499,200000	48,289238	217,499961	49,897130	217,499961	414,809872	1808,142705	4,150000	1,069312	-4622,471116
25.06.2021	10:51:18	20 Zyklen	5,054570	997,000000	95,225113	217,499961	96,833005	217,499961	403,066168	905,340861	4,150000	1,068579	-4625,350217
25.06.2021	10:51:21	20 Zyklen	5,059173	1497,000000	143,437783	217,499961	145,045674	217,499961	402,097227	602,955804	4,150000	1,069592	-4623,597721
25.06.2021	10:51:25	20 Zyklen	5,056685	1997,000000	191,050665	217,499961	192,658557	217,499961	400,367056	451,990405	4,150000	1,069023	-4624,473969
25.06.2021	10:51:28	20 Zyklen	6,048106	499,200000	42,352949	217,499961	43,960841	217,499961	365,459712	1808,142705	4,150000	1,278650	-4405,286684
25.06.2021	10:51:32	20 Zyklen	6,059474	997,000000	84,257544	217,499961	85,865436	217,499961	357,413800	905,340861	4,150000	1,281053	-4397,713394
25.06.2021	10:51:36	20 Zyklen	6,056426	1497,000000	126,826373	217,499961	128,434265	217,499961	356,046893	602,955804	4,150000	1,280409	-4404,723382
25.06.2021	10:51:39	20 Zyklen	6,059816	1997,000000	169,284706	217,499961	170,892598	217,499961	355,134844	451,990405	4,150000	1,281070	-4402,032047
25.06.2021	10:51:42	20 Zyklen	10,051934	499,200000	27,482038	217,499961	29,089930	217,499961	241,833351	1808,142705	4,150000	2,125140	-3559,644301
25.06.2021	10:51:47	20 Zyklen	10,050877	997,000000	55,934515	217,499961	57,542407	217,499961	239,519546	905,340861	4,150000	2,124772	-3553,385383
25.06.2021	10:51:50	20 Zyklen	10,039836	1497,000000	84,535119	217,499961	86,143011	217,499961	238,806609	602,955804	4,150000	2,122529	-3558,455107
25.06.2021	10:51:53	20 Zyklen	10,038747	1997,000000	113,073076	217,499961	114,680968	217,499961	238,320490	451,990405	4,150000	2,122306	-3561,584566
25.06.2021	10:51:56	20 Zyklen	12,045009	499,200000	23,777860	217,499961	25,385752	217,499961	211,039401	1808,142705	4,150000	2,546455	-3140,046414
25.06.2021	10:52:01	20 Zyklen	12,043547	997,000000	48,762879	217,499961	50,370771	217,499961	209,667703	905,340861	4,150000	2,546130	-3132,786069
25.06.2021	10:52:04	20 Zyklen	12,047528	1497,000000	73,795975	217,499961	75,403867	217,499961	209,035435	602,955804	4,150000	2,547067	-3131,596874
25.06.2021	10:52:07	20 Zyklen	12,036269	1997,000000	98,696308	217,499961	100,304200	217,499961	208,443880	451,990405	4,150000	2,544529	-3139,545701
25.06.2021	10:52:11	20 Zyklen	14,981751	499,200000	19,798094	217,499961	21,405986	217,499961	177,954409	1808,142705	4,150000	3,167207	-2510,086233
25.06.2021	10:52:15	20 Zyklen	15,039788	997,000000	40,935454	217,499961	42,543346	217,499961	177,086145	905,340861	4,150000	3,179644	-2496,692146
25.06.2021	10:52:18	20 Zyklen	15,044578	1497,000000	62,021515	217,499961	63,629407	217,499961	176,394146	602,955804	4,150000	3,180594	-2496,754735
25.06.2021	10:52:22	20 Zyklen	15,038870	1997,000000	83,074376	217,499961	84,682268	217,499961	175,979675	451,990405	4,150000	3,179457	-2502,262584
25.06.2021	10:52:25	20 Zyklen	20,041655	499,200000	15,480613	217,499961	17,088505	217,499961	142,061888	1808,142705	4,150000	4,237028	-1437,808118
25.06.2021	10:52:29	20 Zyklen	20,041484	997,000000	32,380825	217,499961	33,988717	217,499961	141,477608	905,340861	4,150000	4,236976	-1430,735538
25.06.2021	10:52:33	20 Zyklen	20,032277	1497,000000	49,231513	217,499961	50,839405	217,499961	140,937563	602,955804	4,150000	4,235138	-1432,926160
25.06.2021	10:52:36	20 Zyklen	20,032588	1997,000000	66,023808	217,499961	67,631699	217,499961	140,546596	451,990405	4,150000	4,235108	-1433,677231
