Datum	Uhrzeit	Kommentar	p_Probe_Ist / bar	I_Ist / mA	U_ges-Th_U	U_Nadel-Th_U	U_ges / mV	U_Nadel / mV	R_ges / mOhm*cm²	R_bulk / mOhm*cm²	Anpressfläche / cm²	p_Kraftsensor / ?	
24.11.2020	16:32:34	Zyklen5	2,002883	499,800000	8,625564	0,013038	8,653576	0,018704	64,927794	0,140338	3,750000	0,382908	-5324,346060
24.11.2020	16:32:39	Zyklen5	2,022949	999,000000	16,990853	0,013302	17,018866	0,018968	63,884632	0,071201	3,750000	0,386492	-5319,964819
24.11.2020	16:32:42	Zyklen5	2,026632	1499,000000	25,327366	-0,001588	25,355379	0,004078	63,430735	0,010202	3,750000	0,387153	-5318,587857
24.11.2020	16:32:45	Zyklen5	2,032569	1999,000000	33,611322	0,009810	33,639335	0,015476	63,105306	0,029032	3,750000	0,388280	-5317,148306
24.11.2020	16:32:49	Zyklen5	3,048561	499,800000	6,578039	0,011259	6,606052	0,016925	49,565216	0,126992	3,750000	0,582353	-5108,476022
24.11.2020	16:32:53	Zyklen5	3,058508	999,000000	13,131596	0,008756	13,159608	0,014422	49,397930	0,054136	3,750000	0,584299	-5103,531478
24.11.2020	16:32:56	Zyklen5	3,064084	1499,000000	19,642072	0,012841	19,670085	0,018507	49,208019	0,046298	3,750000	0,585341	-5107,850131
24.11.2020	16:33:00	Zyklen5	3,070658	1998,000000	26,140041	0,004935	26,168054	0,010601	49,114216	0,019896	3,750000	0,586587	-5106,848704
24.11.2020	16:33:03	Zyklen5	5,066073	499,800000	4,973581	0,011194	5,001594	0,016860	37,526966	0,126497	3,750000	0,967767	-4720,923883
24.11.2020	16:33:07	Zyklen5	5,054887	999,000000	9,946526	-0,001324	9,974539	0,004342	37,441963	0,016298	3,750000	0,965633	-4723,239682
24.11.2020	16:33:11	Zyklen5	5,055438	1499,000000	14,893913	0,007175	14,921926	0,012841	37,329701	0,032123	3,750000	0,965761	-4723,802985
24.11.2020	16:33:14	Zyklen5	5,056780	1998,000000	19,831817	0,009349	19,859830	0,015015	37,274456	0,028181	3,750000	0,966018	-4724,428877
24.11.2020	16:33:17	Zyklen5	6,066234	499,800000	4,267048	0,009349	4,295061	0,015015	32,225846	0,112656	3,750000	1,158835	-4518,886035
24.11.2020	16:33:22	Zyklen5	6,057922	999,000000	8,560668	0,007702	8,588681	0,013368	32,239794	0,050179	3,750000	1,157263	-4515,944343
24.11.2020	16:33:25	Zyklen5	6,067508	1499,000000	12,823063	0,005594	12,851076	0,011259	32,149123	0,028168	3,750000	1,159124	-4518,197554
24.11.2020	16:33:28	Zyklen5	6,064066	1998,000000	17,074130	0,007241	17,102143	0,012907	32,098616	0,024224	3,750000	1,158430	-4518,447910
24.11.2020	16:33:31	Zyklen5	10,057923	499,800000	3,190909	0,001113	3,218922	0,006779	24,151574	0,050866	3,750000	1,921446	-3772,760462
24.11.2020	16:33:36	Zyklen5	10,058164	999,000000	6,387834	-0,000929	6,415847	0,004737	24,083509	0,017782	3,750000	1,921436	-3768,441808
24.11.2020	16:33:39	Zyklen5	10,043432	1499,000000	9,567565	0,005857	9,595578	0,011523	24,004947	0,028827	3,750000	1,918596	-3774,763315
24.11.2020	16:33:42	Zyklen5	10,045342	1998,000000	12,733330	0,010732	12,761343	0,016398	23,951469	0,030778	3,750000	1,919030	-3775,952510
24.11.2020	16:33:46	Zyklen5	12,047880	499,800000	2,795016	0,010798	2,823029	0,016464	21,181188	0,123531	3,750000	2,301592	-3394,033324
24.11.2020	16:33:50	Zyklen5	12,051046	999,000000	5,599276	0,002036	5,627288	0,007702	21,123455	0,028911	3,750000	2,302138	-3389,589492
24.11.2020	16:33:53	Zyklen5	12,056227	1499,000000	8,379753	0,003946	8,407765	0,009612	21,033436	0,024047	3,750000	2,303098	-3391,404579
24.11.2020	16:33:57	Zyklen5	12,048052	1998,000000	11,166819	-0,000204	11,194832	0,005462	21,011321	0,010251	3,750000	2,301632	-3391,654935
24.11.2020	16:34:00	Zyklen5	15,044623	499,800000	2,382718	0,018770	2,410731	0,024436	18,087716	0,183345	3,750000	2,874023	-2822,218523
24.11.2020	16:34:04	Zyklen5	15,047394	999,000000	4,781399	0,011918	4,809412	0,017584	18,053349	0,066007	3,750000	2,874582	-2816,209961
24.11.2020	16:34:08	Zyklen5	15,037051	1499,000000	7,164072	0,008229	7,192085	0,013895	17,992207	0,034760	3,750000	2,872649	-2819,714955
24.11.2020	16:34:11	Zyklen5	15,035227	1998,000000	9,540091	0,004078	9,568104	0,009744	17,958153	0,018289	3,750000	2,872320	-2822,281112
24.11.2020	16:34:14	Zyklen5	20,039591	499,800000	1,973714	0,011721	2,001727	0,017387	15,018959	0,130452	3,750000	3,828325	-1868,046276
24.11.2020	16:34:19	Zyklen5	20,040538	999,000000	3,960163	0,007372	3,988176	0,013038	14,970631	0,048943	3,750000	3,828328	-1857,969415
24.11.2020	16:34:22	Zyklen5	20,031726	1499,000000	5,941540	0,006055	5,969553	0,011721	14,933837	0,029321	3,750000	3,826789	-1864,165746
24.11.2020	16:34:25	Zyklen5	20,034514	1999,000000	7,910992	0,003485	7,939005	0,009151	14,893081	0,017167	3,750000	3,827246	-1865,605297
24.11.2020	16:34:28	Zyklen5	24,012388	499,800000	1,753202	0,010337	1,781215	0,016003	13,364461	0,120071	3,750000	4,587337	-1111,405423
24.11.2020	16:34:33	Zyklen5	24,032507	999,000000	3,526453	0,007636	3,554466	0,013302	13,342589	0,049932	3,750000	4,591164	-1099,325707
24.11.2020	16:34:36	Zyklen5	24,027637	1499,000000	5,276579	0,009810	5,304592	0,015476	13,270326	0,038716	3,750000	4,590059	-1101,328561
24.11.2020	16:34:39	Zyklen5	24,021733	1999,000000	7,037905	-0,000336	7,065918	0,005330	13,255224	0,009999	3,750000	4,588948	-1105,647216
24.11.2020	16:34:43	Zyklen5	30,030463	499,800000	1,518460	0,004605	1,546473	0,010271	11,603189	0,077065	3,750000	5,736761	25,903123
24.11.2020	16:34:47	Zyklen5	30,009758	999,000000	3,059340	0,009217	3,087353	0,014883	11,589162	0,055867	3,750000	5,732990	33,977132
24.11.2020	16:34:50	Zyklen5	30,006419	1499,000000	4,582563	0,004210	4,610576	0,009876	11,534130	0,024706	3,750000	5,732336	30,346957
24.11.2020	16:34:54	Zyklen5	30,015317	1999,000000	6,107039	0,005132	6,135052	0,010798	11,508976	0,020257	3,750000	5,733855	31,223206
24.11.2020	16:35:07	Zyklen5	2,071446	499,800000	8,531548	0,005528	8,559561	0,011194	64,222395	0,083986	3,750000	0,395717	-5296,681649
24.11.2020	16:35:11	Zyklen5	2,077607	999,000000	16,957582	0,017057	16,985595	0,022723	63,759740	0,085297	3,750000	0,396891	-5298,621913
24.11.2020	16:35:15	Zyklen5	2,073615	1499,000000	25,343771	0,003222	25,371784	0,008888	63,471775	0,022234	3,750000	0,396200	-5291,924872
24.11.2020	16:35:18	Zyklen5	2,074871	1998,000000	33,691569	0,017123	33,719582	0,022789	63,287503	0,042772	3,750000	0,396401	-5291,048624
24.11.2020	16:35:21	Zyklen5	3,027669	499,800000	6,613353	0,006186	6,641366	0,011852	49,830173	0,088929	3,750000	0,578408	-5109,852984
24.11.2020	16:35:26	Zyklen5	3,036583	999,000000	13,201037	0,011259	13,229050	0,016925	49,658595	0,063534	3,750000	0,580078	-5107,787542
24.11.2020	16:35:29	Zyklen5	3,043174	1499,000000	19,737604	0,012972	19,765617	0,018638	49,447006	0,046627	3,750000	0,581380	-5106,285402
24.11.2020	16:35:32	Zyklen5	3,046410	1998,000000	26,268383	0,012709	26,296395	0,018375	49,355097	0,034487	3,750000	0,582001	-5103,155943
24.11.2020	16:35:35	Zyklen5	5,062425	499,800000	4,962513	0,014290	4,990526	0,019956	37,443919	0,149731	3,750000	0,967070	-4721,737542
24.11.2020	16:35:40	Zyklen5	5,067398	999,000000	9,922413	0,006779	9,950426	0,012445	37,351448	0,046717	3,750000	0,968095	-4719,108797
24.11.2020	16:35:43	Zyklen5	5,065264	1499,000000	14,844566	0,011391	14,872579	0,017057	37,206251	0,042672	3,750000	0,967615	-4721,299418
24.11.2020	16:35:46	Zyklen5	5,061822	1998,000000	19,774235	0,000850	19,802248	0,006516	37,166381	0,012230	3,750000	0,966984	-4721,174240
24.11.2020	16:35:50	Zyklen5	6,063395	499,800000	4,264347	0,003353	4,292359	0,009019	32,205578	0,067673	3,750000	1,158269	-4519,887461
24.11.2020	16:35:54	Zyklen5	6,066389	999,000000	8,551247	-0,005277	8,579260	0,000389	32,204429	0,001459	3,750000	1,158999	-4516,570235
24.11.2020	16:35:57	Zyklen5	6,062879	1499,000000	12,807515	0,009019	12,835528	0,014685	32,110226	0,036738	3,750000	1,158263	-4511,938636
24.11.2020	16:36:01	Zyklen5	6,061278	1998,000000	17,063127	0,010337	17,091140	0,016003	32,077966	0,030036	3,750000	1,157826	-4516,945770
24.11.2020	16:36:04	Zyklen5	10,060573	499,800000	3,181685	0,016991	3,209698	0,022657	24,082369	0,169998	3,750000	1,921979	-3766,251187
24.11.2020	16:36:08	Zyklen5	10,054326	999,000000	6,354299	0,011523	6,382312	0,017189	23,957628	0,064523	3,750000	1,920713	-3769,380646
24.11.2020	16:36:12	Zyklen5	10,052898	1499,000000	9,517954	0,002431	9,545967	0,008097	23,880839	0,020256	3,750000	1,920404	-3768,942522
24.11.2020	16:36:15	Zyklen5	10,045738	1998,000000	12,665536	0,015278	12,693549	0,020944	23,824228	0,039310	3,750000	1,919049	-3770,569840
24.11.2020	16:36:18	Zyklen5	12,042528	499,800000	2,776700	0,011259	2,804713	0,016925	21,043766	0,126992	3,750000	2,300409	-3393,282254
24.11.2020	16:36:23	Zyklen5	12,050031	999,000000	5,574833	0,008163	5,602846	0,013829	21,031703	0,051910	3,750000	2,301934	-3389,213957
24.11.2020	16:36:26	Zyklen5	12,052647	1499,000000	8,344768	-0,002708	8,372781	0,002958	20,945917	0,007400	3,750000	2,302451	-3389,526903
24.11.2020	16:36:29	Zyklen5	12,044885	1999,000000	11,112465	0,011128	11,140478	0,016794	20,898846	0,031504	3,750000	2,301073	-3390,027617
24.11.2020	16:36:32	Zyklen5	15,032249	499,800000	2,374285	0,005066	2,402298	0,010732	18,024442	0,080525	3,750000	2,871771	-2822,844415
24.11.2020	16:36:37	Zyklen5	15,026002	999,000000	4,765521	0,014685	4,793534	0,020351	17,993747	0,076394	3,750000	2,870463	-2818,150225
24.11.2020	16:36:40	Zyklen5	15,048134	1499,000000	7,139695	0,006186	7,167708	0,011852	17,931224	0,029651	3,750000	2,874734	-2818,212815
24.11.2020	16:36:43	Zyklen5	15,037653	1998,000000	9,508599	0,014422	9,536612	0,020088	17,899046	0,037702	3,750000	2,872672	-2817,649512
24.11.2020	16:36:47	Zyklen5	20,021607	499,800000	1,983333	0,008295	2,011346	0,013961	15,091131	0,104747	3,750000	3,825106	-1868,108865
24.11.2020	16:36:51	Zyklen5	20,037096	999,000000	3,985660	0,010996	4,013673	0,016662	15,066339	0,062545	3,750000	3,827828	-1857,593880
24.11.2020	16:36:54	Zyklen5	20,029231	1499,000000	5,976260	0,014158	6,004273	0,019824	15,020697	0,049594	3,750000	3,826165	-1861,787356
24.11.2020	16:36:58	Zyklen5	20,030625	1999,000000	7,949666	0,015805	7,977679	0,021471	14,965630	0,040279	3,750000	3,826579	-1866,168600
24.11.2020	16:37:01	Zyklen5	24,030046	499,800000	1,771782	0,004605	1,799794	0,010271	13,503860	0,077065	3,750000	4,590427	-1104,019897
24.11.2020	16:37:05	Zyklen5	24,029650	999,000000	3,559526	0,008229	3,587539	0,013895	13,466739	0,052158	3,750000	4,590496	-1096,446603
24.11.2020	16:37:09	Zyklen5	24,025657	1499,000000	5,322434	0,007109	5,350446	0,012775	13,385040	0,031958	3,750000	4,589642	-1102,079632
24.11.2020	16:37:12	Zyklen5	24,020150	1998,000000	7,100890	0,003222	7,128903	0,008888	13,380073	0,016681	3,750000	4,588731	-1101,516329
24.11.2020	16:37:15	Zyklen5	30,001360	499,800000	1,538686	0,013697	1,566699	0,019363	11,754946	0,145282	3,750000	5,730932	21,960002
24.11.2020	16:37:20	Zyklen5	29,973238	999,000000	3,093270	0,009283	3,121283	0,014949	11,716527	0,056115	3,750000	5,725757	36,731057
24.11.2020	16:37:23	Zyklen5	29,974649	1499,000000	4,643110	0,013829	4,671123	0,019495	11,685598	0,048770	3,750000	5,726372	25,277231
24.11.2020	16:37:26	Zyklen5	30,007263	1999,000000	6,179181	0,005923	6,207194	0,011589	11,644311	0,021740	3,750000	5,732418	28,907405
24.11.2020	16:37:39	Zyklen5	2,077349	499,800000	8,839092	0,007636	8,867105	0,013302	66,529896	0,099804	3,750000	0,396644	-5294,115493
24.11.2020	16:37:44	Zyklen5	2,072221	999,000000	17,531625	0,016069	17,559638	0,021735	65,914556	0,081588	3,750000	0,395858	-5295,805400
24.11.2020	16:37:47	Zyklen5	2,076764	1499,000000	26,164221	0,009547	26,192233	0,015212	65,524266	0,038057	3,750000	0,396746	-5294,991741
24.11.2020	16:37:50	Zyklen5	2,073701	1999,000000	34,755461	0,005396	34,783473	0,011062	65,251639	0,020751	3,750000	0,396151	-5293,927725
24.11.2020	16:37:54	Zyklen5	3,027135	499,800000	6,869507	0,005923	6,897520	0,011589	51,752102	0,086952	3,750000	0,578342	-5111,855838
24.11.2020	16:37:58	Zyklen5	3,037667	999,000000	13,704584	0,006186	13,732597	0,012775	51,548788	0,047953	3,750000	0,580288	-5109,727806
24.11.2020	16:38:01	Zyklen5	3,044069	1499,000000	20,484262	0,010337	20,512275	0,016003	51,314897	0,040034	3,750000	0,581485	-5107,975309
24.11.2020	16:38:05	Zyklen5	3,050489	1998,000000	27,267706	0,008295	27,295719	0,013961	51,230704	0,026203	3,750000	0,582777	-5108,601201
24.11.2020	16:38:08	Zyklen5	5,067674	499,800000	5,121885	0,006714	5,149897	0,012380	38,639687	0,092883	3,750000	0,968171	-4720,673526
24.11.2020	16:38:12	Zyklen5	5,066383	999,000000	10,237797	0,008624	10,265810	0,014290	38,535322	0,053642	3,750000	0,967872	-4717,231122
24.11.2020	16:38:16	Zyklen5	5,060015	1499,000000	15,319586	0,005528	15,347599	0,011194	38,394594	0,028003	3,750000	0,966636	-4720,360580
24.11.2020	16:38:19	Zyklen5	5,061891	1999,000000	20,404675	0,007306	20,432688	0,012972	38,330455	0,024336	3,750000	0,967033	-4717,356300
24.11.2020	16:38:22	Zyklen5	6,069177	499,800000	4,387087	0,003881	4,415100	0,009547	33,126502	0,071628	3,750000	1,159417	-4518,510500
24.11.2020	16:38:27	Zyklen5	6,049782	999,000000	8,799628	0,012709	8,827640	0,018375	33,136788	0,068975	3,750000	1,155744	-4516,507646
24.11.2020	16:38:30	Zyklen5	6,057784	1499,000000	13,177582	0,000586	13,205595	0,006252	33,036012	0,015641	3,750000	1,157355	-4516,445057
24.11.2020	16:38:33	Zyklen5	6,067336	1999,000000	17,556002	0,001575	17,584015	0,007241	32,986521	0,013583	3,750000	1,159098	-4517,696840
24.11.2020	16:38:36	Zyklen5	10,046100	499,800000	3,270298	0,005330	3,298311	0,010996	24,747234	0,082503	3,750000	1,919092	-3771,195732
24.11.2020	16:38:41	Zyklen5	10,047442	999,000000	6,537982	0,004078	6,565995	0,009744	24,647128	0,036577	3,750000	1,919395	-3768,066273
24.11.2020	16:38:44	Zyklen5	10,043002	1499,000000	9,791634	0,018770	9,819647	0,024436	24,565495	0,061131	3,750000	1,918609	-3772,697872
24.11.2020	16:38:47	Zyklen5	10,053104	1999,000000	13,034417	0,010403	13,062430	0,016069	24,504309	0,030144	3,750000	1,920496	-3773,699299
24.11.2020	16:38:51	Zyklen5	12,038673	499,800000	2,846273	0,007834	2,874286	0,013500	21,565771	0,101287	3,750000	2,299663	-3391,404579
24.11.2020	16:38:55	Zyklen5	12,057535	999,000000	5,712068	0,011787	5,740081	0,017453	21,546850	0,065512	3,750000	2,303371	-3382,955039
24.11.2020	16:38:58	Zyklen5	12,040359	1499,000000	8,560471	0,009217	8,588484	0,014883	21,485533	0,037233	3,750000	2,300024	-3389,401725
24.11.2020	16:39:02	Zyklen5	12,038483	1999,000000	11,402155	0,004869	11,430168	0,010535	21,442286	0,019763	3,750000	2,299811	-3390,966454
24.11.2020	16:39:05	Zyklen5	15,048668	499,800000	2,430088	-0,000007	2,458101	0,005659	18,443134	0,042463	3,750000	2,874724	-2819,026474
24.11.2020	16:39:09	Zyklen5	15,032886	999,000000	4,869947	0,004144	4,897959	0,009810	18,385734	0,036825	3,750000	2,871771	-2815,834425
24.11.2020	16:39:13	Zyklen5	15,033506	1499,000000	7,311058	0,008954	7,339071	0,014620	18,359917	0,036573	3,750000	2,872031	-2818,400582
24.11.2020	16:39:16	Zyklen5	15,047601	1999,000000	9,739718	0,012841	9,767731	0,018507	18,323657	0,034717	3,750000	2,874520	-2817,586923
24.11.2020	16:39:19	Zyklen5	20,009095	499,800000	2,046581	0,005659	2,074594	0,011325	15,565680	0,084974	3,750000	3,822361	-1870,049130
24.11.2020	16:39:24	Zyklen5	20,034635	999,000000	4,075195	0,006845	4,103208	0,012511	15,402434	0,046964	3,750000	3,827421	-1860,097448
24.11.2020	16:39:27	Zyklen5	20,041243	1499,000000	6,113495	0,005594	6,141508	0,011259	15,364013	0,028168	3,750000	3,828525	-1857,593880
24.11.2020	16:39:30	Zyklen5	20,035839	1999,000000	8,137895	0,006055	8,165907	0,011721	15,318736	0,021987	3,750000	3,827602	-1866,231189
24.11.2020	16:39:33	Zyklen5	24,023954	499,800000	1,815528	0,008954	1,843541	0,014620	13,832090	0,109690	3,750000	4,589352	-1108,275963
24.11.2020	16:39:38	Zyklen5	24,037722	999,000000	3,629560	0,009217	3,657573	0,014883	13,729629	0,055867	3,750000	4,591960	-1100,765258
24.11.2020	16:39:41	Zyklen5	24,033608	1499,000000	5,442012	0,016596	5,470025	0,022262	13,684185	0,055692	3,750000	4,591141	-1104,458021
24.11.2020	16:39:44	Zyklen5	24,027860	1999,000000	7,252553	0,011787	7,280566	0,017453	13,657891	0,032740	3,750000	4,590056	-1102,455167
24.11.2020	16:39:48	Zyklen5	29,983116	499,800000	1,577030	0,007834	1,605043	0,013500	12,042642	0,101287	3,750000	5,727822	17,203222
24.11.2020	16:39:52	Zyklen5	30,010843	999,000000	3,155464	0,010996	3,183477	0,016662	11,949987	0,062545	3,750000	5,732967	35,541862
24.11.2020	16:39:55	Zyklen5	30,000912	1499,000000	4,736599	0,011523	4,764611	0,017189	11,919475	0,043001	3,750000	5,731126	33,163472
24.11.2020	16:39:59	Zyklen5	29,993047	1999,000000	6,302581	0,008031	6,330594	0,013697	11,875801	0,025695	3,750000	5,729735	26,529015
24.11.2020	16:40:10	Zyklen5	2,072995	499,800000	9,222006	0,010139	9,250019	0,015805	69,402904	0,118588	3,750000	0,396000	-5295,242098
24.11.2020	16:40:15	Zyklen5	2,073115	999,000000	18,248965	0,012972	18,276978	0,018638	68,607274	0,069964	3,750000	0,396069	-5295,492455
24.11.2020	16:40:18	Zyklen5	2,071498	1499,000000	27,239837	0,001904	27,267850	0,007570	68,215102	0,018938	3,750000	0,395684	-5297,307540
24.11.2020	16:40:21	Zyklen5	2,072513	1999,000000	36,179672	0,014751	36,207684	0,020417	67,923370	0,038302	3,750000	0,395921	-5297,557897
24.11.2020	16:40:25	Zyklen5	3,073877	499,800000	7,063600	0,007109	7,091613	0,012775	53,208378	0,095849	3,750000	0,587189	-5105,409153
24.11.2020	16:40:29	Zyklen5	3,071743	999,000000	14,108384	0,018507	14,136397	0,024173	53,064553	0,090738	3,750000	0,586837	-5103,343711
24.11.2020	16:40:32	Zyklen5	3,068215	1499,000000	21,132622	0,004210	21,160635	0,009876	52,936879	0,024706	3,750000	0,586170	-5101,340857
24.11.2020	16:40:36	Zyklen5	3,068456	1999,000000	28,122415	0,008427	28,150428	0,014092	52,808457	0,026437	3,750000	0,586222	-5103,093354
24.11.2020	16:40:39	Zyklen5	5,066452	499,800000	5,293247	0,015542	5,321260	0,021208	39,925421	0,159123	3,750000	0,967839	-4722,363434
24.11.2020	16:40:43	Zyklen5	5,058587	999,000000	10,579534	0,023250	10,607547	0,028916	39,818119	0,108544	3,750000	0,966323	-4720,360580
24.11.2020	16:40:47	Zyklen5	5,068483	1499,000000	15,841252	0,016135	15,869264	0,021801	39,699628	0,054538	3,750000	0,968250	-4719,672100
24.11.2020	16:40:50	Zyklen5	5,067777	1999,000000	21,089337	0,022987	21,117350	0,028653	39,614838	0,053751	3,750000	0,968069	-4718,733262
24.11.2020	16:40:53	Zyklen5	6,054583	499,800000	4,545471	0,004474	4,573484	0,010139	34,314855	0,076077	3,750000	1,156629	-4518,322732
24.11.2020	16:40:58	Zyklen5	6,058662	999,000000	9,120480	0,002761	9,148493	0,008427	34,341189	0,031631	3,750000	1,157497	-4515,631398
24.11.2020	16:41:01	Zyklen5	6,063481	1499,000000	13,651943	0,010337	13,679956	0,016003	34,222705	0,040034	3,750000	1,158305	-4515,130684
24.11.2020	16:41:04	Zyklen5	6,064995	1999,000000	18,190724	-0,002378	18,218737	0,003288	34,177220	0,006167	3,750000	1,158585	-4513,878901
24.11.2020	16:41:07	Zyklen5	10,059506	499,800000	3,357199	0,003353	3,385211	0,009019	25,399246	0,067673	3,750000	1,921752	-3769,443235
24.11.2020	16:41:12	Zyklen5	10,061158	999,000000	6,728319	0,004869	6,756332	0,010535	25,361607	0,039545	3,750000	1,921933	-3765,249760
24.11.2020	16:41:15	Zyklen5	10,045015	1499,000000	10,080862	0,005396	10,108875	0,011062	25,289048	0,027673	3,750000	1,918961	-3776,140277
24.11.2020	16:41:18	Zyklen5	10,045824	1999,000000	13,421812	0,015081	13,449825	0,020747	25,231038	0,038920	3,750000	1,919178	-3774,700726
24.11.2020	16:41:22	Zyklen5	12,047243	499,800000	2,942463	0,008888	2,970476	0,014554	22,287483	0,109196	3,750000	2,301320	-3389,213957
24.11.2020	16:41:26	Zyklen5	12,051442	999,000000	5,888240	0,017518	5,916253	0,023184	22,208157	0,087028	3,750000	2,302247	-3387,774406
24.11.2020	16:41:29	Zyklen5	12,049463	1499,000000	8,827430	0,007570	8,855443	0,013236	22,153377	0,033112	3,750000	2,301908	-3386,898158
24.11.2020	16:41:33	Zyklen5	12,043113	1999,000000	11,753511	0,015608	11,781524	0,021274	22,101408	0,039908	3,750000	2,300718	-3389,213957
24.11.2020	16:41:36	Zyklen5	15,035416	499,800000	2,512376	0,015871	2,540389	0,021537	19,060543	0,161594	3,750000	2,872360	-2821,592631
24.11.2020	16:41:40	Zyklen5	15,039856	999,000000	5,033996	0,006516	5,062009	0,012182	19,001535	0,045728	3,750000	2,873103	-2812,955323
24.11.2020	16:41:44	Zyklen5	15,035416	1499,000000	7,531701	0,014290	7,559714	0,019956	18,911893	0,049924	3,750000	2,872238	-2815,521480
24.11.2020	16:41:47	Zyklen5	15,029668	1999,000000	10,031845	0,006845	10,059858	0,012511	18,871670	0,023470	3,750000	2,871268	-2816,961031
24.11.2020	16:41:50	Zyklen5	20,041983	499,800000	2,099617	0,015278	2,127630	0,020944	15,963610	0,157145	3,750000	3,828709	-1864,165746
24.11.2020	16:41:55	Zyklen5	20,032793	999,000000	4,205974	0,008690	4,233987	0,014356	15,893344	0,053889	3,750000	3,827010	-1857,468702
24.11.2020	16:41:58	Zyklen5	20,040848	1499,000000	6,294279	0,009547	6,322292	0,015212	15,816275	0,038057	3,750000	3,828417	-1861,474410
24.11.2020	16:42:01	Zyklen5	20,040951	1999,000000	8,389569	0,011128	8,417582	0,016794	15,790862	0,031504	3,750000	3,828512	-1862,225481
24.11.2020	16:42:04	Zyklen5	24,026363	499,800000	1,861119	0,012972	1,889132	0,018638	14,174162	0,139844	3,750000	4,589694	-1109,840693
24.11.2020	16:42:09	Zyklen5	24,035846	999,000000	3,734974	0,023382	3,762987	0,029048	14,125325	0,109039	3,750000	4,591706	-1096,571782
24.11.2020	16:42:12	Zyklen5	24,030579	1499,000000	5,596443	0,009283	5,624455	0,014949	14,070519	0,037397	3,750000	4,590717	-1102,455167
24.11.2020	16:42:15	Zyklen5	24,026810	1999,000000	7,451917	0,007175	7,479929	0,012841	14,031884	0,024088	3,750000	4,589862	-1099,450885
24.11.2020	16:42:19	Zyklen5	30,012460	499,800000	1,618998	0,013434	1,647011	0,019100	12,357525	0,143304	3,750000	5,734677	24,463571
24.11.2020	16:42:23	Zyklen5	29,996902	999,000000	3,244209	0,006055	3,272221	0,011721	12,283114	0,043997	3,750000	5,731096	34,164899
24.11.2020	16:42:26	Zyklen5	30,022546	1499,000000	4,845965	0,007504	4,873978	0,013170	12,193073	0,032947	3,750000	5,734982	35,792219
24.11.2020	16:42:30	Zyklen5	29,992840	1999,000000	6,468146	0,014817	6,496159	0,020483	12,186390	0,038425	3,750000	5,729521	29,095173
24.11.2020	16:42:42	Zyklen5	2,072186	499,800000	9,457869	-0,001061	9,485882	0,004605	71,172581	0,034553	3,750000	0,395766	-5294,866563
24.11.2020	16:42:46	Zyklen5	2,076454	999,000000	18,720098	0,000916	18,748111	0,006582	70,375792	0,024706	3,750000	0,396664	-5294,929152
24.11.2020	16:42:50	Zyklen5	2,074423	1499,000000	27,951249	0,003683	27,979262	0,009349	69,994819	0,023388	3,750000	0,396253	-5294,052904
24.11.2020	16:42:53	Zyklen5	2,074596	1999,000000	37,142169	0,003156	37,170182	0,008822	69,728955	0,016549	3,750000	0,396322	-5291,611926
24.11.2020	16:42:56	Zyklen5	3,042934	499,800000	7,296366	0,001772	7,324379	0,007438	54,954822	0,055809	3,750000	0,581304	-5110,979589
24.11.2020	16:43:01	Zyklen5	3,053380	999,000000	14,549803	0,011852	14,577816	0,017518	54,721532	0,065760	3,750000	0,583303	-5105,346564
24.11.2020	16:43:04	Zyklen5	3,059455	1499,000000	21,779665	0,008624	21,807678	0,014290	54,555565	0,035749	3,750000	0,584480	-5102,592641
24.11.2020	16:43:07	Zyklen5	3,062983	1999,000000	28,980946	0,010074	29,008959	0,015740	54,419007	0,029526	3,750000	0,585128	-5106,285402
24.11.2020	16:43:10	Zyklen5	5,061822	499,800000	5,404656	-0,003498	5,432669	0,002168	40,761321	0,016263	3,750000	0,966968	-4721,612364
24.11.2020	16:43:15	Zyklen5	5,055954	999,000000	10,808150	0,012050	10,836163	0,017716	40,676286	0,066502	3,750000	0,965837	-4720,986472
24.11.2020	16:43:18	Zyklen5	5,057486	1499,000000	16,186152	0,010205	16,214165	0,015871	40,562453	0,039705	3,750000	0,966195	-4720,297991
24.11.2020	16:43:21	Zyklen5	5,064800	1999,000000	21,539256	0,014092	21,567269	0,019758	40,458858	0,037066	3,750000	0,967530	-4720,610937
24.11.2020	16:43:25	Zyklen5	6,063154	499,800000	4,636456	0,006384	4,664469	0,012050	34,997515	0,090412	3,750000	1,158246	-4517,884608
24.11.2020	16:43:29	Zyklen5	6,059712	999,000000	9,296257	-0,000204	9,324270	0,005462	35,001012	0,020502	3,750000	1,157612	-4517,383894
24.11.2020	16:43:32	Zyklen5	6,068317	1499,000000	13,925557	0,013697	13,953570	0,019363	34,907197	0,048440	3,750000	1,159259	-4516,132111
24.11.2020	16:43:36	Zyklen5	6,063825	1999,000000	18,545177	0,009678	18,573190	0,015344	34,842153	0,028785	3,750000	1,158368	-4513,315598
24.11.2020	16:43:39	Zyklen5	10,052261	499,800000	3,434546	0,018770	3,462559	0,024436	25,979581	0,183345	3,750000	1,920299	-3772,071981
24.11.2020	16:43:43	Zyklen5	10,042090	999,000000	6,882091	0,006516	6,910104	0,012182	25,938828	0,045728	3,750000	1,918323	-3771,133143
24.11.2020	16:43:47	Zyklen5	10,052295	1499,000000	10,309610	0,003090	10,337623	0,008756	25,861297	0,021904	3,750000	1,920361	-3769,568413
24.11.2020	16:43:50	Zyklen5	10,061382	1999,000000	13,724810	0,010535	13,752823	0,016201	25,799443	0,030392	3,750000	1,922110	-3767,878506
24.11.2020	16:43:53	Zyklen5	12,032752	499,800000	3,012497	0,005330	3,040510	0,010996	22,812948	0,082503	3,750000	2,298620	-3392,969308
24.11.2020	16:43:58	Zyklen5	12,041719	999,000000	6,019414	-0,002708	6,047427	0,002958	22,700551	0,011104	3,750000	2,300481	-3385,208250
24.11.2020	16:44:01	Zyklen5	12,055039	1499,000000	9,018624	0,009547	9,046637	0,015212	22,631680	0,038057	3,750000	2,302970	-3388,838422
24.11.2020	16:44:04	Zyklen5	12,044748	1999,000000	12,016057	0,003288	12,044070	0,008954	22,593928	0,016796	3,750000	2,300918	-3389,401725
24.11.2020	16:44:07	Zyklen5	15,038256	499,800000	2,552367	0,001179	2,580380	0,006845	19,360597	0,051360	3,750000	2,872833	-2821,530042
24.11.2020	16:44:12	Zyklen5	15,046878	999,000000	5,123400	0,007570	5,151413	0,013236	19,337135	0,049685	3,750000	2,874497	-2812,517198
24.11.2020	16:44:15	Zyklen5	15,036724	1499,000000	7,674207	0,003617	7,702220	0,009283	19,268396	0,023223	3,750000	2,872570	-2818,275404
24.11.2020	16:44:18	Zyklen5	15,040958	1999,000000	10,216121	0,007175	10,244134	0,012841	19,217360	0,024088	3,750000	2,873277	-2818,650939
24.11.2020	16:44:22	Zyklen5	20,035805	499,800000	2,135985	0,008954	2,163998	0,014620	16,236477	0,109690	3,750000	3,827677	-1867,044849
24.11.2020	16:44:26	Zyklen5	20,020213	999,000000	4,280093	0,006845	4,308106	0,012511	16,171568	0,046964	3,750000	3,824613	-1861,411821
24.11.2020	16:44:29	Zyklen5	20,034239	1499,000000	6,411288	0,005725	6,439301	0,011391	16,108992	0,028497	3,750000	3,827269	-1862,475838
24.11.2020	16:44:33	Zyklen5	20,035031	1999,000000	8,536292	0,007372	8,564304	0,013038	16,066104	0,024459	3,750000	3,827362	-1860,848518
24.11.2020	16:44:36	Zyklen5	24,015934	499,800000	1,893929	0,002365	1,921942	0,008031	14,420334	0,060258	3,750000	4,587731	-1107,837838
24.11.2020	16:44:40	Zyklen5	24,031302	999,000000	3,794862	0,008361	3,822875	0,014027	14,350130	0,052652	3,750000	4,590858	-1100,640080
24.11.2020	16:44:44	Zyklen5	24,026896	1499,000000	5,695729	-0,008044	5,723742	-0,002378	14,318900	-0,005950	3,750000	4,589878	-1096,884728
24.11.2020	16:44:47	Zyklen5	24,022043	1999,000000	7,575514	0,009217	7,603527	0,014883	14,263744	0,027920	3,750000	4,588981	-1100,953026
24.11.2020	16:44:50	Zyklen5	30,022184	499,800000	1,633954	0,013763	1,661966	0,019429	12,469737	0,145776	3,750000	5,735216	24,463571
24.11.2020	16:44:55	Zyklen5	30,012753	999,000000	3,282882	0,007899	3,310895	0,013565	12,428285	0,050921	3,750000	5,733424	37,106593
24.11.2020	16:44:58	Zyklen5	30,013889	1499,000000	4,917646	0,008756	4,945659	0,014422	12,372396	0,036079	3,750000	5,733490	32,162045
24.11.2020	16:45:01	Zyklen5	30,022563	1999,000000	6,542857	0,010271	6,570870	0,015937	12,326545	0,029897	3,750000	5,735439	29,846244
